0.0000000
0.0000067
0.0000398
0.0000281
0.0000413
0.0000682
0.0000920
0.0001466
0.0001908
0.0002705
0.0003435
0.0004513
0.0005561
0.0007014
0.0008522
0.0010539
0.0012330
0.0014735
0.0017268
0.0020253
0.0023319
0.0027184
0.0030703
0.0035345
0.0039752
0.0044912
0.0050492
0.0056465
0.0062585
0.0070081
0.0076778
0.0085413
0.0093648
0.0103793
0.0113102
0.0124226
0.0135250
0.0147858
0.0160390
0.0175072
0.0188849
0.0204797
0.0220422
0.0238125
0.0056833
0.0051955
0.0048310
0.0043669
0.0040093
0.0035587
0.0032271
0.0028154
0.0025025
0.0021184
0.0018410
0.0014952
0.0012459
0.0009510
0.0007458
0.0005145
0.0003566
0.0001909
0.0000970
0.0000206
0.0000001
0.0000291
0.0000997
0.0000593
0.0000759
0.0001163
0.0001284
0.0001871
0.0002482
0.0003218
0.0003737
0.0004736
0.0005946
0.0007337
0.0008793
0.0009536
0.0011575
0.0014240
0.0016730
0.0483968
0.0400351
0.0329956
0.0260033
0.0198078
0.0145713
0.0102733
0.0066342
0.0037730
0.0016141
0.0003818
0.0000003
0.0004259
0.0017290
0.0039015
0.0070588
0.0110420
0.0160827
0.0220318
0.0287505
0.0367808
0.0457213
0.0002452
0.0008136
0.0016561
0.0028724
0.0043743
0.0062389
0.0084026
0.0109870
0.0137621
0.0169549
0.0205533
0.0244024
0.0286848
0.0327103
0.0370132
0.0191825
0.0175335
0.0157643
0.0137746
0.0119318
0.0104172
0.0089577
0.0075717
0.0063850
0.0051347
0.3787389
0.3083403
0.2452696
0.1909038
0.1411458
0.0991913
0.0645179
0.0376863
0.0174004
0.0048320
0.0000690
0.0030302
0.0138595
0.0327648
0.0591327
0.0941522
0.1377604
0.1893834
0.2468814
0.3131989
0.3864885
0.4670427
0.5564644
0.6556625
0.7643341
0.0888010
0.0902551
0.0917880
0.0933000
0.0952610
0.0971411
0.0991255
0.1017031
0.1039092
0.1058555
0.1081594
0.1097270
0.1119267
0.1137249
0.1151041
0.1170765
0.1181818
0.1195192
0.1212260
0.1221777
0.1230763
0.1239603
0.1254053
0.1258707
0.1266675
0.1274059
0.1281861
0.1295604
0.1301103
0.1307415
0.1314731
0.1322068
0.1328834
0.1336616
0.1351839
0.1358272
0.1362297
0.1363902
0.1365320
0.1348554
0.1353154
0.1359591
0.1365677
0.1368471
0.1372325
0.1376185
0.1374163
0.1379820
0.1386550
0.1391215
0.1397139
0.1402657
0.1408187
0.1414146
0.1413121
0.1421567
0.1430648
0.1439333
0.1447433
0.1455129
0.1463699
0.1465170
0.1475007
0.1486357
0.1476663
0.1471615
0.1468051
0.1464492
0.1460936
0.1456955
0.1454268
0.1448402
0.1454877
0.1464492
0.1475184
0.1486531
0.1496067
0.1508805
0.1523907
0.1541921
0.1552448
0.1576478
0.1602232
0.1625281
0.1651430
0.1679557
0.1704083
0.1728786
0.1755279
0.1764874
0.1774982
0.1778231
0.1786557
0.1795574
0.1806541
0.1817735
0.1830126
0.1835755
0.1848695
0.1861681
0.1873043
0.1883457
0.1891335
0.1904469
0.1915962
0.1926294
0.1936854
0.1944344
0.1955254
0.1963984
0.1968105
0.1971022
0.1971727
0.1971727
0.1951414
0.1930641
0.1906610
0.1889428
0.1870163
0.1850317
0.1830279
0.1809491
0.1791307
0.1776278
0.1776758
0.1760357
0.1748206
0.1736756
0.1726471
0.1717816
0.1705343
0.1694033
0.1679419
0.1666157
0.1648994
0.1632097
0.1613561
0.1596217
0.1578061
0.1558257
0.1536228
0.1520365
0.1510743
0.1496062
0.1481454
0.1466314
0.1451417
0.1437461
0.1424597
0.1419210
0.1413241
0.1408895
0.1405410
0.1399633
0.1393279
0.1388377
0.1383059
0.1374728
0.1364576
0.1359724
0.1348630
0.1348630
0.1351624
0.1354041
0.1359580
0.1362587
0.1365014
0.1367865
0.1370719
0.1378615
0.1385784
0.1392709
0.1400930
0.1395589
0.1397029
0.1398471
0.1403392
0.1409341
0.1421111
0.1428985
0.1440837
0.1458355
0.1471807
0.1489952
0.1509263
0.1527636
0.1550052
0.1574334
0.1596353
0.1624693
0.1653327
0.1683325
0.1713122
0.1743946
0.1774939
0.1807655
0.1839992
0.1872123
0.1903540
0.1934523
0.1966260
0.2000687
0.2033160
0.2067446
0.2094954
0.2129230
0.2160727
0.2195742
0.2224625
0.2254236
0.2281114
0.2298141
0.2311310
0.2321897
0.2330115
0.2349192
0.2368901
0.2384152
0.2398896
0.2395896
0.2386808
0.2372655
0.2359864
0.2354801
0.2346558
0.2332740
0.2315584
0.2309262
0.2301099
0.2330115
0.2333838
0.2333289
0.2329566
0.2321152
0.2305558
0.2287959
0.2262874
0.2234281
0.2205870
0.2172133
0.2135525
0.2097666
0.2056243
0.2011974
0.1968690
0.1924186
0.1877834
0.1830397
0.1783567
0.1736211
0.1688558
0.1640467
0.1597512
0.1555926
0.1516832
0.1479453
0.1447198
0.1418537
0.1392448
0.1371045
0.1341992
0.1316620
0.1290105
0.1264422
0.1245123
0.1228143
0.1212465
0.1194770
0.1174407
0.1157379
0.1143616
0.1130698
0.1118913
0.1104329
0.1090885
0.1078790
0.1070318
0.1062989
0.1025995
0.1006412
0.0996012
0.0978278
0.0965135
0.0954951
0.0946145
0.0939255
0.0934398
0.0930867
0.0927206
0.0929275
0.0933287
0.0939321
0.0948584
0.0960420
0.0970775
0.0981752
0.0997584
0.1012025
0.1027226
0.1043419
0.1062617
0.1084526
0.1105002
0.1132449
0.1164403
0.1193905
0.1230126
0.1268827
0.1308371
0.1352105
0.1401053
0.1443798
0.1493135
0.1544549
0.1597181
0.1649237
0.1702127
0.1753293
0.1803384
0.1861507
0.1918167
0.1976384
0.2033734
0.2080200
0.2122078
0.2161316
0.2197927
0.2223619
0.2243546
0.2257847
0.2267227
0.2225969
0.2185834
0.2145326
0.2139027
0.2162367
0.2172816
0.2163633
0.2121558
0.2097398
0.2066679
0.2006714
0.1934355
0.1871359
0.1806611
0.1727979
0.1644200
0.1560349
0.1476167
0.1389834
0.1302339
0.1216571
0.1132590
0.1048599
0.0966150
0.0886265
0.0808596
0.0736835
0.0667703
0.0602527
0.0544395
0.0491125
0.0442688
0.0398169
0.0350168
0.0307606
0.0271455
0.0237639
0.0212870
0.0191363
0.0172495
0.0155904
0.0145573
0.0135841
0.0125112
0.0115170
0.0100418
0.0078491
0.0072790
0.0061856
0.0055295
0.0047311
0.0042197
0.0038244
0.0035100
0.0032591
0.0030956
0.0029694
0.0028956
0.0028630
0.0028458
0.0029393
0.0031381
0.0033657
0.0036206
0.0039189
0.0042612
0.0046440
0.0050742
0.0055761
0.0061317
0.0068084
0.0074585
0.0082277
0.0090654
0.0099165
0.0108689
0.0118584
0.0129162
0.0140192
0.0151873
0.0164229
0.0177727
0.0191688
0.0206714
0.0223377
0.0242037
0.0265766
0.0293796
0.0324903
0.0351507
0.0380868
0.0414615
0.0452002
0.0487022
0.0521344
0.0555425
0.0596839
0.0640284
0.0684830
0.0728381
0.0773257
0.0819010
0.0867856
0.0917114
0.0966540
0.1018485
0.1071619
0.1124449
0.1178549
0.1232004
0.1287041
0.1344464
0.1414206
0.1485081
0.1555748
0.1629600
0.1713518
0.1801394
0.1893842
0.1994694
0.2088172
0.2184302
0.2282854
0.2385447
0.2479141
0.2579901
0.2681822
0.2786579
0.2888651
0.2995842
0.3103163
0.3212679
0.3323783
0.3432934
0.3542546
0.3653553
0.3754557
0.3868851
0.3988267
0.4104971
0.4217674
0.4305342
0.4380539
0.4446186
0.4501326
0.4570093
0.4656866
0.4743709
0.4805582
0.4941643
0.5029923
0.5103374
0.5198201
0.5255045
0.5286748
0.5328914
0.5348856
0.5317757
0.5298662
0.5264941
0.5204887
0.5142846
0.5053577
0.4953777
0.4881769
0.4794355
0.4664782
0.4552022
0.4438501
0.4304844
0.4166185
0.4023923
0.3884132
0.3741089
0.3600438
0.3459903
0.3325310
0.3195866
0.3073851
0.2959243
0.2852637
0.2753147
0.2661903
0.2578574
0.2491657
0.2407855
0.2329951
0.2285072
0.2251312
0.2237039
0.2215393
0.2189741
0.2151508
0.2096591
0.2066886
0.2020207
0.2016262
0.1991793
0.2003771
0.1992266
0.1976214
0.1977426
0.1980322
0.1964318
0.1939435
0.1907296
0.1865734
0.1856785
0.1849941
0.1839861
0.1827930
0.1789808
0.1742911
0.1690156
0.1638351
0.1617151
0.1593247
0.1563055
0.1523497
0.1517704
0.1496248
0.1474780
0.1458188
0.1434697
0.1411954
0.1389463
0.1365069
0.1340734
0.1317762
0.1294834
0.1275995
0.1260785
0.1247809
0.1238360
0.1228362
0.1219354
0.1213656
0.1210380
0.1207540
0.1207540
0.1210972
0.1219730
0.1226613
0.1230649
0.1234103
0.1242206
0.1249743
0.1256710
0.1262728
0.1269954
0.1269954
0.1267419
0.1263696
0.1257897
0.1254410
0.1250335
0.1244716
0.1242796
0.1240657
0.1231824
0.1227199
0.1221632
0.1212284
0.1203335
0.1195577
0.1186329
0.1182294
0.1172740
0.1171593
0.1166725
0.1164510
0.1166153
0.1165224
0.1170088
0.1179848
0.1185680
0.1196662
0.1211481
0.1223900
0.1241984
0.1263695
0.1280869
0.1302916
0.1328125
0.1350189
0.1375848
0.1402769
0.1429950
0.1458911
0.1487275
0.1516971
0.1545890
0.1572112
0.1597195
0.1621129
0.1643458
0.1664402
0.1682987
0.1700296
0.1715261
0.1732734
0.1750557
0.1767767
0.1784618
0.1785326
0.1780464
0.1771465
0.1759062
0.1749418
0.1739362
0.1725682
0.1715695
0.1725682
0.1732037
0.1734564
0.1736395
0.1740498
0.1742044
0.1741604
0.1743438
0.1750526
0.1762200
0.1777615
0.1796112
0.1807488
0.1819162
0.1832491
0.1847492
0.1858120
0.1870602
0.1881486
0.1899136
0.1914869
0.1931670
0.1949009
0.1959186
0.1969857
0.1976180
0.1997369
0.2007671
0.2016499
0.2026851
0.2035444
0.2028789
0.2025858
0.2018232
0.2006957
0.1999367
0.1986187
0.1966733
0.1950517
0.1930043
0.1913052
0.1892050
0.1872344
0.1852545
0.1835640
0.1819265
0.1807144
0.1795320
0.1785134
0.1777976
0.1772235
0.1770387
0.1766949
0.1765103
0.1766248
0.1769240
0.1767815
0.1765523
0.1764574
0.1764825
0.1766418
0.1768962
0.1768263
0.1767815
0.1776101
0.1785557
0.1803840
0.1830172
0.1855263
0.1883149
0.1912901
0.1898822
0.1901923
0.1905753
0.1909586
0.1913628
0.1922977
0.1931355
0.1941216
0.1953775
0.1966110
0.1979823
0.1988590
0.2001035
0.2013039
0.2026040
0.2039833
0.2055176
0.2071549
0.2086253
0.2102749
0.2120074
0.2135716
0.2153671
0.2169658
0.2187256
0.2204423
0.2222665
0.2238680
0.2257850
0.2275010
0.2291723
0.2309524
0.2326649
0.2345388
0.2362357
0.2378058
0.2389103
0.2400307
0.2409145
0.2420156
0.2428502
0.2438739
0.2450347
0.2462273
0.2474761
0.2480726
0.2502269
0.2511293
0.2532967
0.2548927
0.2566911
0.2592146
0.2613319
0.2636829
0.2661852
0.2686437
0.2713672
0.2740789
0.2768862
0.2798262
0.2827818
0.2847412
0.2865218
0.2882500
0.2900997
0.2921610
0.2939647
0.2958636
0.2977063
0.2998257
0.3017121
0.3036953
0.3057446
0.3075896
0.3096838
0.3115407
0.3137371
0.3156667
0.3174806
0.3195148
0.3213685
0.3232925
0.3252186
0.3273719
0.3294376
0.3315718
0.3327788
0.3338498
0.3352077
0.3362518
0.3379951
0.3399344
0.3417507
0.3438608
0.3463625
0.3487762
0.3509078
0.3534018
0.3558083
0.3582214
0.3601192
0.3616937
0.3630081
0.3639954
0.3646880
0.3651827
0.3653476
0.3651827
0.3656777
0.3660078
0.3660078
0.3654763
0.3635975
0.3614610
0.3590690
0.3579576
0.3571090
0.3561309
0.3552193
0.3542764
0.3536918
0.3531400
0.3527184
0.3530427
0.3533671
0.3545039
0.3557401
0.3573700
0.3593308
0.3614610
0.3641574
0.3678564
0.3718070
0.3764485
0.3817592
0.3839549
0.3851979
0.3854354
0.3843514
0.3826611
0.3816487
0.3803009
0.3784846
0.3759700
0.3726630
0.3687739
0.3641475
0.3594844
0.3544611
0.3487963
0.3426334
0.3387771
0.3352910
0.3326405
0.3310372
0.3310681
0.3312883
0.3318539
0.3331762
0.3341855
0.3356707
0.3376937
0.3390920
0.3412899
0.3427908
0.3444859
0.3466362
0.3452872
0.3431411
0.3406830
0.3378219
0.3351914
0.3320691
0.3284919
0.3245603
0.3215802
0.3185220
0.3153872
0.3119921
0.3098617
0.3075261
0.3052282
0.3032714
0.3018597
0.3009895
0.3003909
0.3001622
0.2993547
0.2989070
0.2989956
0.2993547
0.3000127
0.3006108
0.3019304
0.3033422
0.3002510
0.2995040
0.2988465
0.2982501
0.2979522
0.2979802
0.2982782
0.2988465
0.2994434
0.3003398
0.3013592
0.3025304
0.3037932
0.3049974
0.3064777
0.3079615
0.3093873
0.3103703
0.3110687
0.3120442
0.3130213
0.3138471
0.3147362
0.3157175
0.3167003
0.3174683
0.3185793
0.3194123
0.3204924
0.3213280
0.3221646
0.3230655
0.3239044
0.3246811
0.3255221
0.3266759
0.3278318
0.3285841
0.3301844
0.3315966
0.3331400
0.3355409
0.3368632
0.3379073
0.3395952
0.3408678
0.3424034
0.3440664
0.3457041
0.3475358
0.3492770
0.3509930
0.3528387
0.3549843
0.3568772
0.3588348
0.3609017
0.3627432
0.3649187
0.3661402
0.3675290
0.3687549
0.3698543
0.3706162
0.3710841
0.3711823
0.3710162
0.3696528
0.3675310
0.3650478
0.3622449
0.3590296
0.3555993
0.3517294
0.3475302
0.3452758
0.3438644
0.3429346
0.3420715
0.3434137
0.3457278
0.3482682
0.3510167
0.3536139
0.3571306
0.3615889
0.3665020
0.3721814
0.3737181
0.3782784
0.3810736
0.3830654
0.3859258
0.3888889
0.3919636
0.3963914
0.4002557
0.4044548
0.4090242
0.4143928
0.4203989
0.4266262
0.4335112
0.4411111
0.4482940
0.4560867
0.4650718
0.4734605
0.4825364
0.4922718
0.5017183
0.5119196
0.5226522
0.5339060
0.5449483
0.5575748
0.5713390
0.5842441
0.5977501
0.6123874
0.6268596
0.6428628
0.6600821
0.6761847
0.6938418
0.7124711
0.7308255
0.7501367
0.7698812
0.7899823
0.8107314
0.8321006
0.8539123
0.8764548
0.8991394
0.9223754
0.9460633
0.9700050
0.9947891
1.0196580
1.0449500
1.0705020
1.0961280
1.1198370
1.1432010
1.1664910
1.1909280
1.2151200
1.2399850
1.2648710
1.2863250
1.3066390
1.3263020
1.3450330
1.3631290
1.3801200
1.3961170
1.4109690
1.4219760
1.4312630
1.4429480
1.4561300
1.4667900
1.4909940
1.5000590
1.5060630
1.5188300
1.5273070
1.5248800
1.5256640
1.5226140
1.5138990
1.5077410
1.5000130
1.4881270
1.4745530
1.4596170
1.4453560
1.4292680
1.4132970
1.3971210
1.3793330
1.3619510
1.3440740
1.3257150
1.3064450
1.2871370
1.2675640
1.2476600
1.2280890
1.2083490
1.1886700
1.1688580
1.1483430
1.1267040
1.1050090
1.0836190
1.0627650
1.0414200
1.0207020
1.0001720
0.9799836
0.9603795
0.9413688
0.9225481
0.9040258
0.8857120
0.8677121
0.8504828
0.8345028
0.8191662
0.8044000
0.7893437
0.7745300
0.7602119
0.7462431
0.7345204
0.7236807
0.7135275
0.7026533
0.6940509
0.6859156
0.6765585
0.6669331
0.6605427
0.6563286
0.6445526
0.6369303
0.6298577
0.6211964
0.6163806
0.6137139
0.6080078
0.6056594
0.6038429
0.6026278
0.6021177
0.6019237
0.6025224
0.6036319
0.6051815
0.6074064
0.6101319
0.6131991
0.6163354
0.6195081
0.6231910
0.6279258
0.6322638
0.6373240
0.6439855
0.6497481
0.6564739
0.6636420
0.6706786
0.6783530
0.6864082
0.6949630
0.7037632
0.7130767
0.7227616
0.7334046
0.7450255
0.7559668
0.7682214
0.7832398
0.7969875
0.8123865
0.8305157
0.8453678
0.8620285
0.8802803
0.8976455
0.9155496
0.9342653
0.9534149
0.9730058
0.9907393
1.0076070
1.0238350
1.0394810
1.0531680
1.0657060
1.0766950
1.0864130
1.0930650
1.0975290
1.1019040
1.1081530
1.1142990
1.1224050
1.1383940
1.1445000
1.1435080
1.1455940
1.1434230
1.1349960
1.1314210
1.1249630
1.1088680
1.0898630
1.0737210
1.0559730
1.0323440
1.0067530
0.9833965
0.9569126
0.9286489
0.8993632
0.8693217
0.8383762
0.8067078
0.7744091
0.7419885
0.7141870
0.6883088
0.6640719
0.6415977
0.6155514
0.5898678
0.5653985
0.5409490
0.5196279
0.4999498
0.4807316
0.4616278
0.4423846
0.4252489
0.4017929
0.3839377
0.3693800
0.3528990
0.3378924
0.3262367
0.3140604
0.3053814
0.2990786
0.2915060
0.2852871
0.2834240
0.2802170
0.2779635
0.2772821
0.2775566
0.2801455
0.2834960
0.2863189
0.2902991
0.2940445
0.2984360
0.3034978
0.3090310
0.3156325
0.3208374
0.3298987
0.3382771
0.3467606
0.3560174
0.3658040
0.3761140
0.3870357
0.3984424
0.4102739
0.4229195
0.4362022
0.4502861
0.4644892
0.4786716
0.4935963
0.5086672
0.5238537
0.5393763
0.5552987
0.5689974
0.5815502
0.5950289
0.6085570
0.6211402
0.6358691
0.6492435
0.6618150
0.6740801
0.6859585
0.6975895
0.7049476
0.7107464
0.7152632
0.7183719
0.7213030
0.7236833
0.7269394
0.7313924
0.7353125
0.7356434
0.7316075
0.7300881
0.7263815
0.7235690
0.7223711
0.7186478
0.7099884
0.6982108
0.6824395
0.6607816
0.6390449
0.6184883
0.5940600
0.5686051
0.5462210
0.5215225
0.4968971
0.4726722
0.4538976
0.4373530
0.4223462
0.4092744
0.3958049
0.3835580
0.3717386
0.3598826
0.3469436
0.3341054
0.3217854
0.3102662
0.3050020
0.2978574
0.2947533
0.2893137
0.2842479
0.2805663
0.2757102
0.2718916
0.2692578
0.2679614
0.2680147
0.2701805
0.2770331
0.2840508
0.2918191
0.3004629
0.3099988
0.3201861
0.3311939
0.3426042
0.3549569
0.3677711
0.3811962
0.3954851
0.4090804
0.4236274
0.4383603
0.4549407
0.4721143
0.4895590
0.5058817
0.5222046
0.5384936
0.5555953
0.5720344
0.5874420
0.6057934
0.6233395
0.6425358
0.6616256
0.6815080
0.7012632
0.7209864
0.7409706
0.7611244
0.7816665
0.8028136
0.8239070
0.8457233
0.8667768
0.8886890
0.9105076
0.9329624
0.9553288
0.9779314
1.0009610
1.0243380
1.0461780
1.0688920
1.0902730
1.1117400
1.1327390
1.1538080
1.1737070
1.1933710
1.2124980
1.2309550
1.2453520
1.2582390
1.2696730
1.2797510
1.2894160
1.2964020
1.3028480
1.3067050
1.3251470
1.3422430
1.3514180
1.3580000
1.3683880
1.3748550
1.3792850
1.3834090
1.3839650
1.3823460
1.3787980
1.3721830
1.3668980
1.3576880
1.3442990
1.3337110
1.3197110
1.3037720
1.2882470
1.2706630
1.2508150
1.2314330
1.2107880
1.1878770
1.1658570
1.1437740
1.1203180
1.0967020
1.0728170
1.0493310
1.0259700
1.0023690
0.9790552
0.9560161
0.9328800
0.9093319
0.8860991
0.8632650
0.8410812
0.8191862
0.7980294
0.7774761
0.7577325
0.7383568
0.7194453
0.7011892
0.6828614
0.6646683
0.6469339
0.6293343
0.6156080
0.6031944
0.5916916
0.5810457
0.5718275
0.5632392
0.5540652
0.5439705
0.5382531
0.5341326
0.5156292
0.5086825
0.5037086
0.4964522
0.4910932
0.4914366
0.4871485
0.4871577
0.4896098
0.4902122
0.4932854
0.4941599
0.4953986
0.4960139
0.4958367
0.5021030
0.5080594
0.5142313
0.5175503
0.5208895
0.5241436
0.5273116
0.5302193
0.5335120
0.5368925
0.5397388
0.5426805
0.5429536
0.5417541
0.5396414
0.5367954
0.5335894
0.5297661
0.5252272
0.5198194
0.5160366
0.5124570
0.5084366
0.5043474
0.5039995
0.5042627
0.5079930
0.5101373
0.5110267
0.5115570
0.5122769
0.5135286
0.5154184
0.5172071
0.5193614
0.5219792
0.5247763
0.5277730
0.5312223
0.5351111
0.5380214
0.5406856
0.5434444
0.5463867
0.5489736
0.5518515
0.5545402
0.5567709
0.5592835
0.5617121
0.5646233
0.5673429
0.5703586
0.5732824
0.5759418
0.5784875
0.5810582
0.5821083
0.5826743
0.5827752
0.5825832
0.5822091
0.5814417
0.5803923
0.5786885
0.5774490
0.5748051
0.5719771
0.5691562
0.5665222
0.5653067
0.5641822
0.5630589
0.5621251
0.5634362
0.5655856
0.5684069
0.5719771
0.5755678
0.5789691
0.5831481
0.5883976
0.5919285
0.5955812
0.5988559
0.6021395
0.6026226
0.6024275
0.6001996
0.5984668
0.5972174
0.5953145
0.5913866
0.5866186
0.5804551
0.5731823
0.5651180
0.5560032
0.5502784
0.5448487
0.5393580
0.5337198
0.5299137
0.5266681
0.5237795
0.5217978
0.5202768
0.5209072
0.5223424
0.5251235
0.5282855
0.5311781
0.5368991
0.5442041
0.5443010
0.5476088
0.5490803
0.5517588
0.5540565
0.5560005
0.5590577
0.5623114
0.5656570
0.5708009
0.5764323
0.5822830
0.5892103
0.5977138
0.6052078
0.6143132
0.6242630
0.6339013
0.6442093
0.6549008
0.6660901
0.6776708
0.6913198
0.7059214
0.7198505
0.7356098
0.7530454
0.7704650
0.7894025
0.8089457
0.8261746
0.8456509
0.8660260
0.8859542
0.9070549
0.9286360
0.9510774
0.9737868
0.9972550
1.0212560
1.0459220
1.0707480
1.0962530
1.1223350
1.1488530
1.1758110
1.2030700
1.2310650
1.2591120
1.2877480
1.3168440
1.3461250
1.3758690
1.4059510
1.4363450
1.4653360
1.4937500
1.5230440
1.5516970
1.5812480
1.6112310
1.6406980
1.6709000
1.7002760
1.7305430
1.7609170
1.7915560
1.8222830
1.8507570
1.8787790
1.9064980
1.9337100
1.9620130
1.9904940
2.0186670
2.0463330
2.0668970
2.0847080
2.1006170
2.1147920
2.1209450
2.1252590
2.1295780
2.1317450
2.1552250
2.1735630
2.1755480
2.1824800
2.1872130
2.1826580
2.1806560
2.1753830
2.1657430
2.1535910
2.1425590
2.1268700
2.1101730
2.0924810
2.0750240
2.0560440
2.0373480
2.0180010
1.9979050
1.9779100
1.9578340
1.9376800
1.9161990
1.8934210
1.8716170
1.8502690
1.8290540
1.8081140
1.7882860
1.7687390
1.7502710
1.7323880
1.7153990
1.6994620
1.6832960
1.6676540
1.6532160
1.6388200
1.6292200
1.6215280
1.6149400
1.6093170
1.6046230
1.5985390
1.5962040
1.5977640
1.5909290
1.5768080
1.5649400
1.5538790
1.5514270
1.5446920
1.5371920
1.5321650
1.5280640
1.5251740
1.5233510
1.5218380
1.5210720
1.5207640
1.5212210
1.5216790
1.5230520
1.5244070
1.5263800
1.5285130
1.5307980
1.5332340
1.5355320
1.5385720
1.5411650
1.5443810
1.5471390
1.5494690
1.5506940
1.5513070
1.5523820
1.5534480
1.5546750
1.5559020
1.5566670
1.5580560
1.5588120
1.5597390
1.5612710
1.5626520
1.5641860
1.5655780
1.5677290
1.5712760
1.5738870
1.5779070
1.5830080
1.5871830
1.5927670
1.5999130
1.6066040
1.6147130
1.6247330
1.6320290
1.6403570
1.6510710
1.6608630
1.6724450
1.6845300
1.6971510
1.7104450
1.7244540
1.7391610
1.7542600
1.7697470
1.7857890
1.8022370
1.8192620
1.8348590
1.8502020
1.8656000
1.8800540
1.8938870
1.9098090
1.9256210
1.9413380
1.9565910
1.9720840
1.9857790
1.9982420
2.0109340
2.0233030
2.0353630
2.0474510
2.0592340
2.0710420
2.0832530
2.0944180
2.1061500
2.1175620
2.1286500
2.1395800
2.1500040
2.1604540
2.1710990
2.1814200
2.1919450
2.2023070
2.2125120
2.2227410
2.2330020
2.2430960
2.2532130
2.2623960
2.2690330
2.2755060
2.2823460
2.2890210
2.2957060
2.3020230
2.3087100
2.3148680
2.3213890
2.3273790
2.3335540
2.3389760
2.3440410
2.3491200
2.3549420
2.3607880
2.3666250
2.3717200
2.3758660
2.3800330
2.3836150
2.3874130
2.3898720
2.3927180
2.3927090
2.3898710
2.3857050
2.3804150
2.3747490
2.3689090
2.3724840
2.3707830
2.3651350
2.3634440
2.3570430
2.3459670
2.3395900
2.3279900
2.3134350
2.3013470
2.2887310
2.2744820
2.2601030
2.2459520
2.2300060
2.2141230
2.1979370
2.1812640
2.1637520
2.1464890
2.1266110
2.1056100
2.0847060
2.0670750
2.0507460
2.0353560
2.0212410
2.0073430
1.9943640
1.9827990
1.9722990
1.9631980
1.9563490
1.9515590
1.9479700
1.9431910
1.9362080
1.9231120
1.9144680
1.9070260
1.8930180
1.8778990
1.8630070
1.8475000
1.8309050
1.8190710
1.8075410
1.7958840
1.7844280
1.7674810
1.7501270
1.7320520
1.7132730
1.6971400
1.6807680
1.6651080
1.6503090
1.6354160
1.6221460
1.6093980
1.5968600
1.5852910
1.5754460
1.5612040
1.5511350
1.5389730
1.5288260
1.5215750
1.5128380
1.5062240
1.5011370
1.4939570
1.4882840
1.4856010
1.4790550
1.4760800
1.4744470
1.4717760
1.4699980
1.4688120
1.4680740
1.4679220
1.4680740
1.4692590
1.4705930
1.4726680
1.4751910
1.4783100
1.4818810
1.4867940
1.4908210
1.4963450
1.5026350
1.5083340
1.5152480
1.5224600
1.5275930
1.5333360
1.5392450
1.5456160
1.5524590
1.5590100
1.5663480
1.5740020
1.5821350
1.5904460
1.5992420
1.6080650
1.6169090
1.6265510
1.6359210
1.6456200
1.6562960
1.6679580
1.6788640
1.6907530
1.7030140
1.7153110
1.7279770
1.7416580
1.7545830
1.7649390
1.7761510
1.7874010
1.7988510
1.8103370
1.8216920
1.8329210
1.8441830
1.8551480
1.8659760
1.8744970
1.8820260
1.8887390
1.8947850
1.8931030
1.8884030
1.8815240
1.8721560
1.8586420
1.8445150
1.8327580
1.8203750
1.8358980
1.8289530
1.8160950
1.8024350
1.7864050
1.7615240
1.7381060
1.7122860
1.6811130
1.6514820
1.6179200
1.5817790
1.5449870
1.5060790
1.4654510
1.4236290
1.3831260
1.3409500
1.2995640
1.2582790
1.2177950
1.1800930
1.1440320
1.1099420
1.0776340
1.0469300
1.0182690
0.9914646
0.9660271
0.9402848
0.9166428
0.8930711
0.8683267
0.8439302
0.8107325
0.7925889
0.7708952
0.7526767
0.7427545
0.7296618
0.7219658
0.7224842
0.7152395
0.7092640
0.7069018
0.7026999
0.6997352
0.6983067
0.7009614
0.7100867
0.7209287
0.7318531
0.7461244
0.7635178
0.7758015
0.7902775
0.8054342
0.8174216
0.8346179
0.8488426
0.8616000
0.8753647
0.8883198
0.9013694
0.9139292
0.9256376
0.9363558
0.9460683
0.9548757
0.9624056
0.9690036
0.9745400
0.9805742
0.9867497
0.9919711
1.0034320
1.0134850
1.0234650
1.0397080
1.0526940
1.0619830
1.0662590
1.0721970
1.0780220
1.0823380
1.0846280
1.0860280
1.0880660
1.0880660
1.0855180
1.0831020
1.0789120
1.0715630
1.0661330
1.0566960
1.0463000
1.0363270
1.0240540
1.0097640
0.9969181
0.9814895
0.9640198
0.9478964
0.9306139
0.9126725
0.8942113
0.8752559
0.8526151
0.8298444
0.8076043
0.7863144
0.7675554
0.7504041
0.7344904
0.7199937
0.7068765
0.6954031
0.6852427
0.6765655
0.6686408
0.6636503
0.6601656
0.6449511
0.6342909
0.6275893
0.6185137
0.6131387
0.6163986
0.6150542
0.6143855
0.6188012
0.6258442
0.6298202
0.6344602
0.6398372
0.6458274
0.6530328
0.6608756
0.6695654
0.6791179
0.6896554
0.7015046
0.7137672
0.7270696
0.7415506
0.7575590
0.7733104
0.7908548
0.8099183
0.8290980
0.8496279
0.8728219
0.8950382
0.9188352
0.9443626
0.9694012
0.9964768
1.0245460
1.0504890
1.0752560
1.0980020
1.1206140
1.1349450
1.1459450
1.1547580
1.1610900
1.1646660
1.1645290
1.1784640
1.1842000
1.1939620
1.1981260
1.1932980
1.1915540
1.1796710
1.1714200
1.1577880
1.1353390
1.1147780
1.0936470
1.0742360
1.0541190
1.0325740
1.0091470
0.9842879
0.9578182
0.9281359
0.8963349
0.8640606
0.8312529
0.7979839
0.7648579
0.7322206
0.6997876
0.6673785
0.6352488
0.6042053
0.5692918
0.5329834
0.4968401
0.4612970
0.4273990
0.3953281
0.3600653
0.3346535
0.3074410
0.2863486
0.2647525
0.2467304
0.2275268
0.2126015
0.1962698
0.1842639
0.1707045
0.1608985
0.1490681
0.1389314
0.1280495
0.1182817
0.1095545
0.1017141
0.0947673
0.0889084
0.0840928
0.0801060
0.0768633
0.0741898
0.0716306
0.0691460
0.0668365
0.0648146
0.0630078
0.0615644
0.0604407
0.0602267
0.0618088
0.0645008
0.0677951
0.0715334
0.0755029
0.0796182
0.0839501
0.0882146
0.0919063
0.0953423
0.0986081
0.1016564
0.1047482
0.1078466
0.1109067
0.1138874
0.1168633
0.1197073
0.1224587
0.1252349
0.1277401
0.1306691
0.1337637
0.1371246
0.1404401
0.1436476
0.1472687
0.1507508
0.1544634
0.1582691
0.1628693
0.1678358
0.1729885
0.1786270
0.1833531
0.1878692
0.1921292
0.1953444
0.1983673
0.2015710
0.2049230
0.2083530
0.2117561
0.2149029
0.2180120
0.2210869
0.2241785
0.2275883
0.2311443
0.2344898
0.2379768
0.2422841
0.2469341
0.2518145
0.2571242
0.2626744
0.2686685
0.2749933
0.2817804
0.2889846
0.2969628
0.3055153
0.3130149
0.3190342
0.3205778
0.3262903
0.3311291
0.3368648
0.3423622
0.3482004
0.3541465
0.3603067
0.3668175
0.3735334
0.3804719
0.3876985
0.3949931
0.4024388
0.4100310
0.4176870
0.4255847
0.4336356
0.4417691
0.4498903
0.4583293
0.4666827
0.4750288
0.4838740
0.4924559
0.5009433
0.5084275
0.5153815
0.5220889
0.5288655
0.5357561
0.5427088
0.5495999
0.5562754
0.5634406
0.5703802
0.5776353
0.5844603
0.5916198
0.5988139
0.6060514
0.6132478
0.6211752
0.6283470
0.6364571
0.6437258
0.6519535
0.6596988
0.6681158
0.6762907
0.6851098
0.6937965
0.7022439
0.7082259
0.7147485
0.7213119
0.7277017
0.7345397
0.7412849
0.7482895
0.7552234
0.7620738
0.7692804
0.7762055
0.7835841
0.7910205
0.7984689
0.8062013
0.8139476
0.8219708
0.8303593
0.8384627
0.8468487
0.8553630
0.8640547
0.8728898
0.8817820
0.8913066
0.9016600
0.9078697
0.9151636
0.9228560
0.9301087
0.9382223
0.9467316
0.9555389
0.9648950
0.9751454
0.9849505
0.9957949
1.0078560
1.0196020
1.0320330
1.0459760
1.0588260
1.0729330
1.0879220
1.1025000
1.1184910
1.1351190
1.1515990
1.1690440
1.1879760
1.2068980
1.2262030
1.2445320
1.2618650
1.2810110
1.3017690
1.3219630
1.3435980
1.3673300
1.3908330
1.4142370
1.4387590
1.4637970
1.4888700
1.5144840
1.5287450
1.5393610
1.5473430
1.5526690
1.5555110
1.5570430
1.5573570
1.5745300
1.5845200
1.5832540
1.5862720
1.5816710
1.5655720
1.5508380
1.5270170
1.5058310
1.4791160
1.4513890
1.4254640
1.3989820
1.3705840
1.3408470
1.3099600
1.2777250
1.2438310
1.2065970
1.1666310
1.1245260
1.0809620
1.0360890
0.9882465
0.9360421
0.8830948
0.8314596
0.7830557
0.7366500
0.6921915
0.6498200
0.6096765
0.5777131
0.5474516
0.5192032
0.4930446
0.4653178
0.4296660
0.4008947
0.3704007
0.3450711
0.3262744
0.3052557
0.2886184
0.2725964
0.2557240
0.2398913
0.2251052
0.2135547
0.2080577
0.2060968
0.2022929
0.2009829
0.2014943
0.2008177
0.2016675
0.2050630
0.2060359
0.2075991
0.2100972
0.2133844
0.2192223
0.2259424
0.2329886
0.2400949
0.2474908
0.2570885
0.2669192
0.2772086
0.2890711
0.3025823
0.3156858
0.3306188
0.3474659
0.3638811
0.3820336
0.4019123
0.4218057
0.4437985
0.4635595
0.4835634
0.5036333
0.5235526
0.5432033
0.5625218
0.5811173
0.5991186
0.6162109
0.6293421
0.6414344
0.6508675
0.6700511
0.6839306
0.6993890
0.7118406
0.7192697
0.7272635
0.7330031
0.7322266
0.7334325
0.7324411
0.7270664
0.7223340
0.7139103
0.7019904
0.6918550
0.6789277
0.6620329
0.6467007
0.6320388
0.6139410
0.5959712
0.5776965
0.5597063
0.5412479
0.5230705
0.5047791
0.4872439
0.4677247
0.4486580
0.4305969
0.4133024
0.3975912
0.3828422
0.3689674
0.3560078
0.3439585
0.3328504
0.3226706
0.3127014
0.3032733
0.2963806
0.2923800
0.2806188
0.2710773
0.2639678
0.2564720
0.2507839
0.2483923
0.2444526
0.2419581
0.2430418
0.2426717
0.2426614
0.2465194
0.2486733
0.2508260
0.2553760
0.2585372
0.2636108
0.2694156
0.2760936
0.2832754
0.2912583
0.2998994
0.3092826
0.3200415
0.3311532
0.3439692
0.3563928
0.3704966
0.3865643
0.4023837
0.4201349
0.4397412
0.4559757
0.4741412
0.4933137
0.5129324
0.5309488
0.5482177
0.5649788
0.5809900
0.5915524
0.5986519
0.6040309
0.6088324
0.6177971
0.6328541
0.6457587
0.6516923
0.6603029
0.6638259
0.6597689
0.6579657
0.6513630
0.6431382
0.6362126
0.6261994
0.6176903
0.6082311
0.5974075
0.5853967
0.5720325
0.5575187
0.5403883
0.5154868
0.4890305
0.4636720
0.4418470
0.4184338
0.3942618
0.3689599
0.3436460
0.3189878
0.2952728
0.2727458
0.2513739
0.2297314
0.2101011
0.1910396
0.1727905
0.1561821
0.1405234
0.1258200
0.1121490
0.0994000
0.0876007
0.0765843
0.0665245
0.0585686
0.0515608
0.0451199
0.0393104
0.0341939
0.0307632
0.0246163
0.0201389
0.0170561
0.0136434
0.0110679
0.0093379
0.0074052
0.0059003
0.0048985
0.0038042
0.0032305
0.0032123
0.0030726
0.0030953
0.0034120
0.0035769
0.0039681
0.0047316
0.0056301
0.0069691
0.0087811
0.0101526
0.0121575
0.0146789
0.0173658
0.0202819
0.0235039
0.0270306
0.0308276
0.0348740
0.0391477
0.0435728
0.0481013
0.0522368
0.0560431
0.0596436
0.0632190
0.0666295
0.0708767
0.0752176
0.0797261
0.0844054
0.0888927
0.0932953
0.0978897
0.1024556
0.1078408
0.1135307
0.1194401
0.1255605
0.1317933
0.1379011
0.1450425
0.1515332
0.1579049
0.1644530
0.1710983
0.1780843
0.1851406
0.1921875
0.1985642
0.2038583
0.2083209
0.2124782
0.2163985
0.2199430
0.2234273
0.2270039
0.2312647
0.2383957
0.2434087
0.2485677
0.2526822
0.2560836
0.2602597
0.2630380
0.2646667
0.2668471
0.2678785
0.2676935
0.2680904
0.2673272
0.2651716
0.2638517
0.2611653
0.2573840
0.2543866
0.2501217
0.2446433
0.2422193
0.2394865
0.2370348
0.2351248
0.2330908
0.2315778
0.2308033
0.2307776
0.2315907
0.2317092
0.2352442
0.2342653
0.2355220
0.2341864
0.2335522
0.2347941
0.2347811
0.2375001
0.2440904
0.2490786
0.2559647
0.2637149
0.2728051
0.2827320
0.2935896
0.3065839
0.3186710
0.3317754
0.3461087
0.3600565
0.3758180
0.3924300
0.4090520
0.4271063
0.4458966
0.4655381
0.4857363
0.5066549
0.5283713
0.5507663
0.5737503
0.5972671
0.6215364
0.6464421
0.6720834
0.6981323
0.7247927
0.7523783
0.7800456
0.8088260
0.8377278
0.8674926
0.8974673
0.9282925
0.9581125
0.9866761
1.0155220
1.0442250
1.0730170
1.1023720
1.1312540
1.1582740
1.1845110
1.2101420
1.2355030
1.2599910
1.2832960
1.3055990
1.3267710
1.3474200
1.3643010
1.3792640
1.3940530
1.4115470
1.4377140
1.4569610
1.4786920
1.4931700
1.5016230
1.5139240
1.5226030
1.5228670
1.5244180
1.5202710
1.5111920
1.5038470
1.4944480
1.4763410
1.4636900
1.4475750
1.4261930
1.4078230
1.3862560
1.3632960
1.3390060
1.3136830
1.2895640
1.2637290
1.2379500
1.2126400
1.1868800
1.1612820
1.1365130
1.1115790
1.0873490
1.0641490
1.0418960
1.0209500
0.9997574
0.9754722
0.9514560
0.9279287
0.9051569
0.8842903
0.8645820
0.8454995
0.8272495
0.8097572
0.7919261
0.7747201
0.7577820
0.7413570
0.7239264
0.7061686
0.6908193
0.6769585
0.6591753
0.6440567
0.6303751
0.6151648
0.6037701
0.5949436
0.5841321
0.5762436
0.5695535
0.5607318
0.5541977
0.5494391
0.5432495
0.5396062
0.5375622
0.5346348
0.5335944
0.5336170
0.5332961
0.5342366
0.5365961
0.5380615
0.5413762
0.5457979
0.5493382
0.5542530
0.5572336
0.5599952
0.5625130
0.5643201
0.5661070
0.5671225
0.5674069
0.5668709
0.5653109
0.5619555
0.5574917
0.5526177
0.5478657
0.5409380
0.5310599
0.5250736
0.5246338
0.5152972
0.5118465
0.5017866
0.4886164
0.4763292
0.4656973
0.4510563
0.4348596
0.4204916
0.4054847
0.3904953
0.3753328
0.3603260
0.3454653
0.3309778
0.3168949
0.3031758
0.2900138
0.2774303
0.2651962
0.2538019
0.2429570
0.2334450
0.2249265
0.2169903
0.2098386
0.2041005
0.1993055
0.1946876
0.1904479
0.1872819
0.1832271
0.1760712
0.1726184
0.1679621
0.1639835
0.1641488
0.1628748
0.1627396
0.1639581
0.1645902
0.1669213
0.1697989
0.1730406
0.1758297
0.1788895
0.1819708
0.1849748
0.1856326
0.1852225
0.1839273
0.1816673
0.1787878
0.1750278
0.1704210
0.1661400
0.1665798
0.1655433
0.1655731
0.1643742
0.1590997
0.1557646
0.1519626
0.1460635
0.1392286
0.1336688
0.1269659
0.1198005
0.1126360
0.1054202
0.0981775
0.0908325
0.0835931
0.0764615
0.0697664
0.0633940
0.0574320
0.0519647
0.0468816
0.0431013
0.0399262
0.0372373
0.0349584
0.0325189
0.0303443
0.0282906
0.0263972
0.0250543
0.0223433
0.0201842
0.0188593
0.0170916
0.0157545
0.0157886
0.0154250
0.0150979
0.0154329
0.0155214
0.0164070
0.0176943
0.0184544
0.0196520
0.0212901
0.0231944
0.0254015
0.0265368
0.0274394
0.0280199
0.0282870
0.0289172
0.0294391
0.0296191
0.0296136
0.0295489
0.0296191
0.0314481
0.0319250
0.0325510
0.0327287
0.0314424
0.0310945
0.0301457
0.0283098
0.0269028
0.0253964
0.0234459
0.0215710
0.0196070
0.0176698
0.0157609
0.0139290
0.0121687
0.0104307
0.0088582
0.0074754
0.0062182
0.0051103
0.0041459
0.0034015
0.0027917
0.0022966
0.0019013
0.0014579
0.0010821
0.0007974
0.0005584
0.0005714
0.0006100
0.0006841
0.0007994
0.0007447
0.0005023
0.0005737
0.0004657
0.0005679
0.0005432
0.0006378
0.0008817
0.0012568
0.0015899
0.0021633
0.0028576
0.0037120
0.0047642
0.0058486
0.0070583
0.0083508
0.0096716
0.0108265
0.0118655
0.0127833
0.0135373
0.0144424
0.0152679
0.0159321
0.0164408
0.0169491
0.0173481
0.0177880
0.0185736
0.0202002
0.0205919
0.0214217
0.0218099
0.0221061
0.0223028
0.0222323
0.0221562
0.0219601
0.0217297
0.0214114
0.0210662
0.0207380
0.0204270
0.0201616
0.0199554
0.0198550
0.0197976
0.0198405
0.0196931
0.0195174
0.0193289
0.0191503
0.0194325
0.0198741
0.0204464
0.0209552
0.0212996
0.0216721
0.0221231
0.0226752
0.0230645
0.0233276
0.0235297
0.0238372
0.0242569
0.0247339
0.0252533
0.0255555
0.0260178
0.0267049
0.0275468
0.0284823
0.0295435
0.0288953
0.0293459
0.0298354
0.0303405
0.0309807
0.0317118
0.0325677
0.0335284
0.0344256
0.0351961
0.0360009
0.0368800
0.0378221
0.0388562
0.0398909
0.0410557
0.0422652
0.0436120
0.0451095
0.0465811
0.0482694
0.0503064
0.0521841
0.0543406
0.0569601
0.0594022
0.0622576
0.0655785
0.0687815
0.0724523
0.0764801
0.0806074
0.0851198
0.0900797
0.0950457
0.0996937
0.1047375
0.1097373
0.1151064
0.1206624
0.1241925
0.1270483
0.1293759
0.1311844
0.1326724
0.1337103
0.1339580
0.1339580
0.1345783
0.1352997
0.1420059
0.1426958
0.1443245
0.1462474
0.1460791
0.1449168
0.1446205
0.1432077
0.1413051
0.1392382
0.1368232
0.1335289
0.1304783
0.1273902
0.1245186
0.1219629
0.1193869
0.1170588
0.1150519
0.1134496
0.1120289
0.1110108
0.1102788
0.1098856
0.1098742
0.1102902
0.1108077
0.1113157
0.1121079
0.1141463
0.1159376
0.1181853
0.1157075
0.1167116
0.1181853
0.1188964
0.1209364
0.1229496
0.1250607
0.1278058
0.1310329
0.1347990
0.1389706
0.1433344
0.1482351
0.1534961
0.1589705
0.1639370
0.1688258
0.1735051
0.1779339
0.1803699
0.1818403
0.1825488
0.1823758
0.1813353
0.1792080
0.1776767
0.1763660
0.1817827
0.1854099
0.1858473
0.1850762
0.1846079
0.1820409
0.1791614
0.1758373
0.1720938
0.1677506
0.1630673
0.1584221
0.1534324
0.1484596
0.1435930
0.1385802
0.1336072
0.1286996
0.1239563
0.1197361
0.1157725
0.1122034
0.1088937
0.1059520
0.1033219
0.1009929
0.0989693
0.0972824
0.0975260
0.0985768
0.0991158
0.0992119
0.0993307
0.0991271
0.0961935
0.0970164
0.0945085
0.0949478
0.0964135
0.0971003
0.0989238
0.1011206
0.1034715
0.1062703
0.1094417
0.1129913
0.1168029
0.1208806
0.1252441
0.1299500
0.1348220
0.1382776
0.1412030
0.1436961
0.1457069
0.1472905
0.1479647
0.1477300
0.1467653
0.1455099
0.1450072
0.1449657
0.1467793
0.1496647
0.1500050
0.1489053
0.1490231
0.1482653
0.1474160
0.1459897
0.1445428
0.1428447
0.1411841
0.1389407
0.1366615
0.1342667
0.1317203
0.1287821
0.1258679
0.1227007
0.1194218
0.1158544
0.1122938
0.1080276
0.1037026
0.0995622
0.0954532
0.0912059
0.0872137
0.0832159
0.0792911
0.0756760
0.0722993
0.0690799
0.0660311
0.0631952
0.0605477
0.0581096
0.0558919
0.0540061
0.0523343
0.0508701
0.0496007
0.0494051
0.0496986
0.0499029
0.0497830
0.0498048
0.0508086
0.0485395
0.0485608
0.0493116
0.0488466
0.0489437
0.0505171
0.0524285
0.0539061
0.0563684
0.0592474
0.0624360
0.0661190
0.0697620
0.0739836
0.0784148
0.0829812
0.0874500
0.0919615
0.0963137
0.1004950
0.1044065
0.1084123
0.1121667
0.1156481
0.1188541
0.1203985
0.1207628
0.1205639
0.1203985
0.1207163
0.1216125
0.1214260
0.1246159
0.1260126
0.1272068
0.1281672
0.1286524
0.1286389
0.1283723
0.1278606
0.1269759
0.1258436
0.1243667
0.1228385
0.1210811
0.1190925
0.1170288
0.1147636
0.1124378
0.1098572
0.1073066
0.1044735
0.1011301
0.0978172
0.0945477
0.0921943
0.0901623
0.0884135
0.0869064
0.0847950
0.0827096
0.0807746
0.0790180
0.0773919
0.0770053
0.0771376
0.0775724
0.0779232
0.0779711
0.0792754
0.0808505
0.0816275
0.0803904
0.0814914
0.0808126
0.0837987
0.0851006
0.0872804
0.0886829
0.0910490
0.0936328
0.0965367
0.0997561
0.1033096
0.1070940
0.1113085
0.1157213
0.1199029
0.1242722
0.1286042
0.1328366
0.1369039
0.1393345
0.1410761
0.1422316
0.1427569
0.1452093
0.1478510
0.1502950
0.1525727
0.1534378
0.1541856
0.1553479
0.1552024
0.1549470
0.1578272
0.1584488
0.1585327
0.1593459
0.1592087
0.1583585
0.1571914
0.1556677
0.1538906
0.1518100
0.1492661
0.1468006
0.1440737
0.1409496
0.1377610
0.1343711
0.1306644
0.1263309
0.1214788
0.1170475
0.1119888
0.1061081
0.1012097
0.0955579
0.0893127
0.0832578
0.0770440
0.0706199
0.0646639
0.0586748
0.0526603
0.0470455
0.0415526
0.0362694
0.0312445
0.0268214
0.0227216
0.0190037
0.0156939
0.0129405
0.0105814
0.0085670
0.0068657
0.0054030
0.0041852
0.0031912
0.0023987
0.0017406
0.0012108
0.0007669
0.0004598
0.0000567
0.0000001
0.0000405
0.0001887
0.0004128
0.0005141
0.0006584
0.0007574
0.0007221
0.0007104
0.0006453
0.0004190
0.0002605
0.0001133
0.0000093
0.0000172
0.0001822
0.0006094
0.0012316
0.0021060
0.0034381
0.0051852
0.0073557
0.0100183
0.0132494
0.0169907
0.0211714
0.0259370
0.0313331
0.0373541
0.0440038
0.0513242
0.0593681
0.0680633
0.0774851
0.0875804
0.0984178
0.1099140
0.1221372
0.1350344
0.1487159
0.1630899
0.1781440
0.1939207
0.2104087
0.2275640
0.2454824
0.2638763
0.2832156
0.3029925
0.3210148
0.3386718
0.3549311
0.3710541
0.3860480
0.4003884
0.4140116
0.4267626
0.4358168
0.4451960
0.4639018
0.4794269
0.4901412
0.5040355
0.5145837
0.5198038
0.5273442
0.5319037
0.5314009
0.5328802
0.5310834
0.5263069
0.5231127
0.5179052
0.5090790
0.4954502
0.4807755
0.4675614
0.4513603
0.4331715
0.4154729
0.3968338
0.3779607
0.3591045
0.3402277
0.3248816
0.3109969
0.2984059
0.2871168
0.2765203
0.2671066
0.2589746
0.2517052
0.2441983
0.2307466
0.2199807
0.2090551
0.2023959
0.1964521
0.1929267
0.1917887
0.1901846
0.1892619
0.1903530
0.1904103
0.1916469
0.1951028
0.1963848
0.1983036
0.2012364
0.2081539
0.2159090
0.2246850
0.2340962
0.2442764
0.2548056
0.2661120
0.2780275
0.2904381
0.3034047
0.3169926
0.3310049
0.3456488
0.3607920
0.3764460
0.3925105
0.4092457
0.4261321
0.4436174
0.4616322
0.4797952
0.4984892
0.5173749
0.5358612
0.5545124
0.5732530
0.5924056
0.6116357
0.6299731
0.6481644
0.6662943
0.6842507
0.7012846
0.7177970
0.7338743
0.7494550
0.7643304
0.7756222
0.7867647
0.7972956
0.8070790
0.8139614
0.8244727
0.8426470
0.8506337
0.8655910
0.8702189
0.8701800
0.8733240
0.8728361
0.8654311
0.8637441
0.8596570
0.8443911
0.8326929
0.8205228
0.8023605
0.7860836
0.7679734
0.7483101
0.7287944
0.7078285
0.6863105
0.6646304
0.6417428
0.6188453
0.5953665
0.5716891
0.5480743
0.5237079
0.4998956
0.4757457
0.4526863
0.4294628
0.4066842
0.3845030
0.3637479
0.3435514
0.3240011
0.3054049
0.2879137
0.2694570
0.2518078
0.2346932
0.2179588
0.2021346
0.1911672
0.1818280
0.1734950
0.1661132
0.1604443
0.1548904
0.1433739
0.1346675
0.1292109
0.1219457
0.1164024
0.1133153
0.1092976
0.1070121
0.1072657
0.1066161
0.1075624
0.1090974
0.1098491
0.1110244
0.1144601
0.1194797
0.1253231
0.1317607
0.1389708
0.1466871
0.1552733
0.1644192
0.1742955
0.1845900
0.1957125
0.2073976
0.2196031
0.2325736
0.2460017
0.2599612
0.2745088
0.2895453
0.3051987
0.3213859
0.3380918
0.3552966
0.3730616
0.3912600
0.4100293
0.4291253
0.4493942
0.4704748
0.4912211
0.5132801
0.5366159
0.5600794
0.5835853
0.6079452
0.6327327
0.6583334
0.6836894
0.7073066
0.7302204
0.7533092
0.7761163
0.7972133
0.8173066
0.8366642
0.8548851
0.8721390
0.8865500
0.8996497
0.9134204
0.9348384
0.9591613
0.9748699
0.9973372
1.0097940
1.0206560
1.0319030
1.0404370
1.0434300
1.0480230
1.0493090
1.0440930
1.0382770
1.0292270
1.0146430
1.0010730
0.9884518
0.9686244
0.9521192
0.9309097
0.9087877
0.8866913
0.8627763
0.8383603
0.8133550
0.7888079
0.7633523
0.7382015
0.7135887
0.6892785
0.6650745
0.6411650
0.6183084
0.5978894
0.5777369
0.5579370
0.5389515
0.5200822
0.5042741
0.4895889
0.4759247
0.4630956
0.4511152
0.4416735
0.4336391
0.4263270
0.4193002
0.4126640
0.4061646
0.3908830
0.3806266
0.3722734
0.3627602
0.3567467
0.3511678
0.3457047
0.3409704
0.3373218
0.3341148
0.3312731
0.3300614
0.3296888
0.3293691
0.3294152
0.3298866
0.3300384
0.3304573
0.3307083
0.3310815
0.3311344
0.3311046
0.3310055
0.3305564
0.3300912
0.3292175
0.3281016
0.3272832
0.3266168
0.3258756
0.3248407
0.3240263
0.3226713
0.3213485
0.3197297
0.3179498
0.3154166
0.3125306
0.3115399
0.3104983
0.3091716
0.3077740
0.3061676
0.3049668
0.3036088
0.3015326
0.2989933
0.2965073
0.2942052
0.2920686
0.2897546
0.2861942
0.2858473
0.2841160
0.2821077
0.2803381
0.2776386
0.2747022
0.2715330
0.2680867
0.2637507
0.2593225
0.2540292
0.2493129
0.2441184
0.2391890
0.2349653
0.2298188
0.2235827
0.2180733
0.2115964
0.2042940
0.1974671
0.1898082
0.1821870
0.1745861
0.1666957
0.1585773
0.1510099
0.1437645
0.1368242
0.1302414
0.1240221
0.1181777
0.1122124
0.1065010
0.1012297
0.0962933
0.0922141
0.0886142
0.0853980
0.0832790
0.0816802
0.0795583
0.0773900
0.0754558
0.0736595
0.0718445
0.0694175
0.0672250
0.0644804
0.0611268
0.0587418
0.0565175
0.0541540
0.0519238
0.0500085
0.0482631
0.0466353
0.0452378
0.0440176
0.0431460
0.0421027
0.0413047
0.0408912
0.0402422
0.0398912
0.0402193
0.0406562
0.0412702
0.0420288
0.0427513
0.0435717
0.0444759
0.0454504
0.0464644
0.0475390
0.0487024
0.0498840
0.0510964
0.0523805
0.0536453
0.0550010
0.0563736
0.0576986
0.0590627
0.0604382
0.0618858
0.0632983
0.0647313
0.0661805
0.0676360
0.0690770
0.0710735
0.0736202
0.0761794
0.0784176
0.0805378
0.0825934
0.0845340
0.0863414
0.0879868
0.0895457
0.0908990
0.0921452
0.0935234
0.0947349
0.0959432
0.0969689
0.0979102
0.0973858
0.0969689
0.0965892
0.0956709
0.0952827
0.0938393
0.0918567
0.0941144
0.0937459
0.0936512
0.0947477
0.0949195
0.0945025
0.0930455
0.0921493
0.0904458
0.0876919
0.0856780
0.0826960
0.0790278
0.0759318
0.0721584
0.0680748
0.0643542
0.0603008
0.0561468
0.0529910
0.0502219
0.0477897
0.0457070
0.0429833
0.0403669
0.0379514
0.0358154
0.0339184
0.0325303
0.0315154
0.0306085
0.0298462
0.0284162
0.0269100
0.0256044
0.0244290
0.0229211
0.0213498
0.0197128
0.0180387
0.0163002
0.0149092
0.0135801
0.0122530
0.0109463
0.0095770
0.0082129
0.0069029
0.0056543
0.0045656
0.0035769
0.0026859
0.0019596
0.0013451
0.0009959
0.0007178
0.0004922
0.0003096
0.0001624
0.0000723
0.0000200
0.0000004
0.0000084
0.0000383
0.0000893
0.0001533
0.0002357
0.0003432
0.0004761
0.0006138
0.0007936
0.0009678
0.0013078
0.0016340
0.0020992
0.0023017
0.0028982
0.0035241
0.0043463
0.0051240
0.0056246
0.0060585
0.0067838
0.0073503
0.0080830
0.0088150
0.0096367
0.0104887
0.0114091
0.0122103
0.0129749
0.0136812
0.0143535
0.0149252
0.0156081
0.0162675
0.0168561
0.0173372
0.0179953
0.0186677
0.0193212
0.0199534
0.0206176
0.0203188
0.0197146
0.0188551
0.0180001
0.0183164
0.0183758
0.0184272
0.0184868
0.0184909
0.0185858
0.0192060
0.0195749
0.0200480
0.0204250
0.0208316
0.0213174
0.0219409
0.0226735
0.0235900
0.0246196
0.0260705
0.0277468
0.0293377
0.0306753
0.0314196
0.0316212
0.0328252
0.0342470
0.0350220
0.0358860
0.0368446
0.0380787
0.0393989
0.0408153
0.0424813
0.0444894
0.0469240
0.0491876
0.0518978
0.0552768
0.0582346
0.0619090
0.0659482
0.0700390
0.0742728
0.0789631
0.0838364
0.0888601
0.0942944
0.0998808
0.1058498
0.1120424
0.1185671
0.1245670
0.1301638
0.1359842
0.1420294
0.1482332
0.1546382
0.1613656
0.1680413
0.1751024
0.1823028
0.1897323
0.1972307
0.2050662
0.2129848
0.2211309
0.2293644
0.2378816
0.2466217
0.2555267
0.2645679
0.2737883
0.2833045
0.2929093
0.3028012
0.3127283
0.3228564
0.3311053
0.3392514
0.3477784
0.3562887
0.3649598
0.3738103
0.3826908
0.3917864
0.4009717
0.4103421
0.4199091
0.4296492
0.4393650
0.4493633
0.4595390
0.4699594
0.4803168
0.4909499
0.5020669
0.5133471
0.5248222
0.5367538
0.5492849
0.5610910
0.5738186
0.5851076
0.5956060
0.6062182
0.6172251
0.6282997
0.6397120
0.6511381
0.6630564
0.6748111
0.6868626
0.6992710
0.7115269
0.7243426
0.7370836
0.7502559
0.7635220
0.7769507
0.7903868
0.8043451
0.8181384
0.8323985
0.8467939
0.8612639
0.8757656
0.8908664
0.9045144
0.9170773
0.9294884
0.9423553
0.9554441
0.9683420
0.9816347
0.9948564
1.0083040
1.0220050
1.0358590
1.0497590
1.0635440
1.0778840
1.0923070
1.1067860
1.1214270
1.1361240
1.1510900
1.1664070
1.1815430
1.1970750
1.2127220
1.2284290
1.2444460
1.2594590
1.2720790
1.2847750
1.2976620
1.3108970
1.3239140
1.3371670
1.3507890
1.3641750
1.3777730
1.3914240
1.4053040
1.4195480
1.4334480
1.4477150
1.4619920
1.4765800
1.4913910
1.5060800
1.5211910
1.5359940
1.5512850
1.5669780
1.5823290
1.5980060
1.6130960
1.6230010
1.6336320
1.6436450
1.6543130
1.6650460
1.6756370
1.6864550
1.6971290
1.7081630
1.7195730
1.7307110
1.7420320
1.7533600
1.7649360
1.7765660
1.7882180
1.8002580
1.8123700
1.8242920
1.8364840
1.8484850
1.8609110
1.8734120
1.8862640
1.8972020
1.9038440
1.9101830
1.9168780
1.9238350
1.9305230
1.9376320
1.9447850
1.9517300
1.9588780
1.9658490
1.9731980
1.9809590
1.9881600
1.9957420
2.0031630
2.0109190
2.0189310
2.0267810
2.0349550
2.0428520
2.0510900
2.0595560
2.0678280
2.0765240
2.0833000
2.0861470
2.0897180
2.0929000
2.0963430
2.0999080
2.1036570
2.1072740
2.1110150
2.1144720
2.1185830
2.1226240
2.1265910
2.1309430
2.1353300
2.1395230
2.1439040
2.1482420
2.1528460
2.1578220
2.1622060
2.1670400
2.1716170
2.1767680
2.1819570
2.1841150
2.1835450
2.1835300
2.1825590
2.1820340
2.1812640
2.1806640
2.1803090
2.1795390
2.1791540
2.1789690
2.1782000
2.1784000
2.1778150
2.1778000
2.1766610
2.1770310
2.1764610
2.1770160
2.1762770
2.1761070
2.1762620
2.1760770
2.1761070
2.1766760
2.1733690
2.1682640
2.1629810
2.1578740
2.1535110
2.1484290
2.1437210
2.1391880
2.1347020
2.1315020
2.1270100
2.1232400
2.1193180
2.1157660
2.1122300
2.1090330
2.1053200
2.1021430
2.0989540
2.0958240
2.0933790
2.0904060
2.0879790
2.0852050
2.0827950
2.0764320
2.0692600
2.0618950
2.0547620
2.0472300
2.0399170
2.0318870
2.0239000
2.0156980
2.0073600
1.9984950
1.9892820
1.9802920
1.9709320
1.9580000
1.9433720
1.9278890
1.9114130
1.8964160
1.8816630
1.8660600
1.8500090
1.8332270
1.8198960
1.8068200
1.7898070
1.7724740
1.7562830
1.7418130
1.7242420
1.7055770
1.6861860
1.6664200
1.6435110
1.6201100
1.5960710
1.5706470
1.5449050
1.5194080
1.5067540
1.4861900
1.4639510
1.4473720
1.4290530
1.4099640
1.3914590
1.3739600
1.3521220
1.3310590
1.3104500
1.2866810
1.2636830
1.2397720
1.2166350
1.1934500
1.1704710
1.1475970
1.1250920
1.1033200
1.0808460
1.0588700
1.0391710
1.0189180
0.9975766
0.9763206
0.9548329
0.9336827
0.9126646
0.8918630
0.8706117
0.8498486
0.8288779
0.8080489
0.7884971
0.7686331
0.7467670
0.7240128
0.7011830
0.6792433
0.6573463
0.6359970
0.6145242
0.5933118
0.5725728
0.5521092
0.5316456
0.5119389
0.4923293
0.4730160
0.4541839
0.4353924
0.4170887
0.3988508
0.3811759
0.3638301
0.3468883
0.3302781
0.3141458
0.2980739
0.2826208
0.2661830
0.2493426
0.2332380
0.2175535
0.2024120
0.1879285
0.1737727
0.1603699
0.1474618
0.1350878
0.1232189
0.1119730
0.1012316
0.0910277
0.0814034
0.0724147
0.0638279
0.0558126
0.0484179
0.0415228
0.0351322
0.0292980
0.0239522
0.0192159
0.0149992
0.0111644
0.0077017
0.0049241
0.0027647
0.0012070
0.0002985
0.0000001
0.0003249
0.0012597
0.0028242
0.0049771
0.0077681
0.0111378
0.0151447
0.0197492
0.0248837
0.0307197
0.0371228
0.0441064
0.0516630
0.0598152
0.0685331
0.0778420
0.0877436
0.0981610
0.1092020
0.1216048
0.1346999
0.1484138
0.1628432
0.1779443
0.1936043
0.2098670
0.2269053
0.2444841
0.2628446
0.2815456
0.3012243
0.3210791
0.3419979
0.3632088
0.3851247
0.4076902
0.4295948
0.4518150
0.4744223
0.4972395
0.5175399
0.5367894
0.5555472
0.5735024
0.5916442
0.6109090
0.6308725
0.6525632
0.6751316
0.6965246
0.7260686
0.7502940
0.7748063
0.8000447
0.8245619
0.8480812
0.8713450
0.8936276
0.9158363
0.9371176
0.9579111
0.9782040
0.9982076
1.0180330
1.0373040
1.0563610
1.0752190
1.0941010
1.1125020
1.1314070
1.1522030
1.1726500
1.1928780
1.2136750
1.2337010
1.2540240
1.2735400
1.2919280
1.3111540
1.3296790
1.3467430
1.3647890
1.3819220
1.3974180
1.4135860
1.4285140
1.4420200
1.4560500
1.4690900
1.4811440
1.4935340
1.5053730
1.5163510
1.5270580
1.5376410
1.5499550
1.5627670
1.5750090
1.5869880
1.5990200
1.6106120
1.6217810
1.6329870
1.6440720
1.6545550
1.6652400
1.6756340
1.6855720
1.6957090
1.7055560
1.7154310
1.7256450
1.7350890
1.7447180
1.7538820
1.7633960
1.7724480
1.7820060
1.7909380
1.8002290
1.8109840
1.8233070
1.8354950
1.8475670
1.8596660
1.8713020
1.8833250
1.8952020
1.9071220
1.9190860
1.9309070
1.9427570
1.9541440
1.9659030
1.9773450
1.9891730
2.0005120
2.0117120
2.0232860
2.0345420
2.0458300
2.0571490
2.0685060
2.0795320
2.0911250
2.1029970
2.1171460
2.1318850
2.1461320
2.1607870
2.1751230
2.1891490
2.2035850
2.2177020
2.2322320
2.2466210
2.2605050
2.2746210
2.2887680
2.3027820
2.3168310
2.3311220
2.3448810
2.3592570
2.3729130
2.3866080
2.4009040
2.4144920
2.4286970
2.4423560
2.4554050
2.4724100
2.4900600
2.5071840
2.5228040
2.5392570
2.5555620
2.5703430
2.5865470
2.6016240
2.6165310
2.6316890
2.6458930
2.6607340
2.6750100
2.6893180
2.7034710
2.7174560
2.7312760
2.7445100
2.7581920
2.7715040
2.7850440
2.7980030
2.8112010
2.8235970
2.8391640
2.8553360
2.8717850
2.8880440
2.9043740
2.9203110
2.9365240
2.9521320
2.9675720
2.9836880
2.9996430
3.0152010
3.0310230
3.0466620
3.0625720
3.0778540
3.0927670
3.1083510
3.1233240
3.1389970
3.1538230
3.1686770
3.1840240
3.1987320
3.2141520
3.2305650
3.2491270
3.2679740
3.2857570
3.3040300
3.3219230
3.3398460
3.3537800
3.3704330
3.3853360
3.3964130
3.4095560
3.4208970
3.4288550
3.4381790
3.4452440
3.4513960
3.4582480
3.4637340
3.4669340
3.4715030
3.4744870
3.4765470
3.4781500
3.4786030
3.4779430
3.4777110
3.4793140
3.4781760
3.4765730
3.4749710
3.4720000
3.4690300
3.4651450
3.4580720
3.4482650
3.4407470
3.4296030
3.4178040
3.4055590
3.3924420
3.3777710
3.3631320
3.3473960
3.3290150
3.3122480
3.2937330
3.2739500
3.2546600
3.2343350
3.2137580
3.1931270
3.1723400
3.1511850
3.1294560
3.1073570
3.0842700
3.0606160
3.0357780
3.0118900
2.9864050
2.9597490
2.9336450
2.9068170
2.8788600
2.8520790
2.8245960
2.7968350
2.7690100
2.7411220
2.7151910
2.6901850
2.6660940
2.6431120
2.6194390
2.5964640
2.5736670
2.5516660
2.5307440
2.5081530
2.4858600
2.4636700
2.4411870
2.4161390
2.3910320
2.3643660
2.3370840
2.3077350
2.2774540
2.2451700
2.2123850
2.1776710
2.1533000
2.1219070
2.0932350
Standard deviation: 0.810182
