0.0000000
0.0000131
0.0000855
0.0000810
0.0000984
0.0001530
0.0001949
0.0003196
0.0003886
0.0006209
0.0007390
0.0010370
0.0012781
0.0017280
0.0020746
0.0000076
0.0000130
0.0000200
0.0000250
0.0000357
0.0000466
0.0000512
0.0000739
0.0000782
0.0001015
0.0001071
0.0001308
0.0001449
0.0001653
0.0001833
0.0002078
0.0002173
0.0002551
0.0002674
0.0003024
0.0003139
0.0003487
0.0003746
0.0004015
0.0004293
0.0004652
0.0004663
0.0005222
0.0005196
0.0008063
0.0008219
0.0008662
0.0008938
0.0009301
0.0009603
0.0009979
0.0010100
0.0010574
0.0010932
0.0011242
0.0053275
0.0048936
0.0044153
0.0040171
0.0035724
0.0031997
0.0027954
0.0024638
0.0021106
0.0018123
0.0015008
0.0012377
0.0009503
0.0007481
0.0005415
0.0003487
0.0002154
0.0001285
0.0000462
0.0000062
0.0000018
0.0000366
0.0001129
0.0002384
0.0023232
0.0015773
0.0009670
0.0005378
0.0002123
0.0000270
0.0000089
0.0001622
0.0004341
0.0009242
0.0016365
0.0024961
0.0035117
0.0046599
0.0060783
0.0076615
0.0094848
0.0114271
0.0136362
0.0160404
0.0186602
0.0045497
0.0045313
0.0045497
0.0046573
0.0047397
0.0048531
0.0049180
0.0049756
0.0050335
0.0050996
0.0051387
0.0052055
0.0052728
0.0053604
0.0055620
0.0057344
0.0057221
0.0058636
0.0060445
0.0061765
0.0063234
0.0062929
0.0063234
0.0063363
0.0066844
0.0068598
0.0069732
0.0068280
0.0069093
0.0070510
0.0072217
0.0073849
0.0075930
0.0077941
0.0079979
0.0081897
0.0084337
0.0084887
0.0084839
0.0084839
0.0085745
0.0088138
0.0087626
0.0085595
0.0083385
0.0082539
0.0077987
0.0074554
0.0071013
0.0069277
0.0065112
0.0061037
0.0058252
0.0053717
0.0047844
0.0044650
0.0039140
0.0034212
0.0029857
0.0024863
0.0023546
0.0020031
0.0017570
0.0014304
0.0012294
0.0009589
0.0007804
0.0006339
0.0004161
0.0002757
0.0001470
0.0000653
0.0000128
0.0000001
0.0000255
0.0000788
0.0001917
0.0003103
0.0005112
0.0006945
0.0009863
0.0012371
0.0016136
0.0019425
0.0024108
0.0028095
0.0033705
0.0038291
0.0044179
0.0049330
0.0054684
0.0059725
0.0064632
0.0068598
0.0073608
0.0078176
0.0082485
0.0087467
0.0092965
0.0102573
0.0103239
0.0102245
0.0104351
0.0101582
0.0102133
0.0108520
0.0113060
0.0118407
0.0122723
0.0126626
0.0129345
0.0131967
0.0134170
0.0135377
0.0136013
0.0136650
0.0136780
0.0136780
0.0136332
0.0136702
0.0136383
0.0135936
0.0136254
0.0135429
0.0135112
0.0134034
0.0133275
0.0132459
0.0131079
0.0130640
0.0129270
0.0128032
0.0126617
0.0126004
0.0124658
0.0123320
0.0121688
0.0120965
0.0119469
0.0117862
0.0116386
0.0115211
0.0113633
0.0111778
0.0110402
0.0108289
0.0106197
0.0104909
0.0103569
0.0102185
0.0101136
0.0099225
0.0098301
0.0096200
0.0095398
0.0093228
0.0092227
0.0090038
0.0088901
0.0087006
0.0085533
0.0083627
0.0082284
0.0080217
0.0078659
0.0076877
0.0075116
0.0072952
0.0071654
0.0068916
0.0067248
0.0064632
0.0063017
0.0060445
0.0059219
0.0057176
0.0055576
0.0053923
0.0052012
0.0050335
0.0048454
0.0046608
0.0044798
0.0042991
0.0041358
0.0039450
0.0037551
0.0036092
0.0034472
0.0033325
0.0031769
0.0030518
0.0028823
0.0027520
0.0026137
0.0025115
0.0024112
0.0023262
0.0022012
0.0021102
0.0019913
0.0019070
0.0018314
0.0017574
0.0017028
0.0016470
0.0016184
0.0015876
0.0015294
0.0014913
0.0014307
0.0014976
0.0016030
0.0017346
0.0019021
0.0020627
0.0022450
0.0024842
0.0026698
0.0027619
0.0028400
0.0029191
0.0029723
0.0030143
0.0030505
0.0031568
0.0030807
0.0031847
0.0033786
0.0035294
0.0037704
0.0040226
0.0045114
0.0050283
0.0053869
0.0052433
0.0056914
0.0060899
0.0066123
0.0073048
0.0078321
0.0089522
0.0097123
0.0108131
0.0120540
0.0131829
0.0145396
0.0160254
0.0175326
0.0191452
0.0208127
0.0224271
0.0240423
0.0256440
0.0272073
0.0288906
0.0304620
0.0321438
0.0334297
0.0346092
0.0356430
0.0362540
0.0366397
0.0367869
0.0368392
0.0375563
0.0383435
0.0388695
0.0393009
0.0396304
0.0401651
0.0418364
0.0430288
0.0441127
0.0450813
0.0459087
0.0466258
0.0472057
0.0476457
0.0479926
0.0482918
0.0484117
0.0485318
0.0485809
0.0486055
0.0485318
0.0483762
0.0481965
0.0480768
0.0477892
0.0476105
0.0472892
0.0469799
0.0466018
0.0460650
0.0454446
0.0447603
0.0440577
0.0433606
0.0426922
0.0419045
0.0411694
0.0404409
0.0396422
0.0389176
0.0381972
0.0373684
0.0366128
0.0359048
0.0351014
0.0343278
0.0335424
0.0327661
0.0320188
0.0312122
0.0304354
0.0296492
0.0289005
0.0281075
0.0272606
0.0264019
0.0255291
0.0246808
0.0237950
0.0229519
0.0221146
0.0212858
0.0204798
0.0196511
0.0188242
0.0180451
0.0172613
0.0164869
0.0157381
0.0150127
0.0142986
0.0135815
0.0129083
0.0122166
0.0115665
0.0109239
0.0102983
0.0096705
0.0090884
0.0085012
0.0080047
0.0074952
0.0069880
0.0065255
0.0060528
0.0055905
0.0051616
0.0047388
0.0043340
0.0039333
0.0035653
0.0032000
0.0028484
0.0025254
0.0022195
0.0019262
0.0016557
0.0013955
0.0011723
0.0009671
0.0007588
0.0005835
0.0004279
0.0002983
0.0001995
0.0001297
0.0000755
0.0000361
0.0000113
0.0000006
0.0000051
0.0000245
0.0000667
0.0001200
0.0001941
0.0002823
0.0003901
0.0005204
0.0006678
0.0008308
0.0010198
0.0012191
0.0014502
0.0017040
0.0019755
0.0022753
0.0025875
0.0029290
0.0032975
0.0036602
0.0040156
0.0043727
0.0047451
0.0051486
0.0055724
0.0060129
0.0064791
0.0069534
0.0074637
0.0079722
0.0085282
0.0091232
0.0097113
0.0103404
0.0109893
0.0116459
0.0123395
0.0130532
0.0138522
0.0146603
0.0154650
0.0163117
0.0172314
0.0181096
0.0190570
0.0199344
0.0208154
0.0216917
0.0226103
0.0235480
0.0244874
0.0251847
0.0257863
0.0262982
0.0267341
0.0277984
0.0289023
0.0300750
0.0308561
0.0317552
0.0326471
0.0335718
0.0345093
0.0354084
0.0363075
0.0372199
0.0378757
0.0384520
0.0390326
0.0394970
0.0398895
0.0401846
0.0404037
0.0400754
0.0395091
0.0387735
0.0381416
0.0374619
0.0365370
0.0350179
0.0337720
0.0323612
0.0334516
0.0328849
0.0324303
0.0319500
0.0312317
0.0304828
0.0294805
0.0284115
0.0272903
0.0260856
0.0248221
0.0235310
0.0221689
0.0207979
0.0194186
0.0180947
0.0167259
0.0154713
0.0141812
0.0129346
0.0118705
0.0106707
0.0095507
0.0085478
0.0074969
0.0066115
0.0057449
0.0049619
0.0041975
0.0036139
0.0029662
0.0023584
0.0018505
0.0014208
0.0010546
0.0007268
0.0004644
0.0002632
0.0001194
0.0000289
0.0000000
0.0000275
0.0001123
0.0002553
0.0004574
0.0007105
0.0010247
0.0013961
0.0018202
0.0022950
0.0028222
0.0034068
0.0040361
0.0047298
0.0054628
0.0062438
0.0070769
0.0079523
0.0088692
0.0098462
0.0108636
0.0119245
0.0130532
0.0142076
0.0154035
0.0166411
0.0179265
0.0192290
0.0205930
0.0220203
0.0234783
0.0249576
0.0265083
0.0279959
0.0296752
0.0312478
0.0329308
0.0345563
0.0363461
0.0380529
0.0398634
0.0416726
0.0435219
0.0454459
0.0472686
0.0492369
0.0512568
0.0532171
0.0552782
0.0571948
0.0592914
0.0614109
0.0635268
0.0655672
0.0678108
0.0700333
0.0721451
0.0744369
0.0767199
0.0788840
0.0812164
0.0834746
0.0858586
0.0881141
0.0904809
0.0928791
0.0953429
0.0975990
0.1000379
0.1024359
0.1049341
0.1071746
0.1097665
0.1122574
0.1147044
0.1172331
0.1197542
0.1223765
0.1247772
0.1273959
0.1298634
0.1325751
0.1349731
0.1376138
0.1402194
0.1428915
0.1453383
0.1481012
0.1507411
0.1532105
0.1558514
0.1585592
0.1611361
0.1636684
0.1663976
0.1690373
0.1715846
0.1742649
0.1769152
0.1796367
0.1821460
0.1849072
0.1874529
0.1902055
0.1926675
0.1953865
0.1981245
0.2007594
0.2032886
0.2060078
0.2086668
0.2112962
0.2137646
0.2163978
0.2190754
0.2215364
0.2241929
0.2268123
0.2292920
0.2318875
0.2345513
0.2370729
0.2394992
0.2419925
0.2447136
0.2461499
0.2480231
0.2502570
0.2528056
0.2555049
0.2574696
0.2591074
0.2606112
0.2617265
0.2627043
0.2629580
0.2628181
0.2622850
0.2616437
0.2606938
0.2595242
0.2584958
0.2555049
0.2514056
0.2476962
0.2447685
0.2465561
0.2435006
0.2420490
0.2405204
0.2373946
0.2341862
0.2302912
0.2262706
0.2218757
0.2170907
0.2122833
0.2072033
0.2019895
0.1969180
0.1917166
0.1867027
0.1816389
0.1769675
0.1723569
0.1680308
0.1633389
0.1589309
0.1546705
0.1504052
0.1461765
0.1421528
0.1380237
0.1340986
0.1305015
0.1270718
0.1235917
0.1201984
0.1169077
0.1135334
0.1105541
0.1074159
0.1044303
0.1014867
0.0985158
0.0957075
0.0928230
0.0900823
0.0872039
0.0844837
0.0818383
0.0791270
0.0765062
0.0738855
0.0714129
0.0688526
0.0663391
0.0639003
0.0614669
0.0595577
0.0576936
0.0557947
0.0539531
0.0521544
0.0503497
0.0486254
0.0468595
0.0450917
0.0434147
0.0417138
0.0400468
0.0383820
0.0367937
0.0351682
0.0336284
0.0320949
0.0305485
0.0291432
0.0277982
0.0264849
0.0252468
0.0240806
0.0229666
0.0219202
0.0212961
0.0207891
0.0203352
0.0199709
0.0196864
0.0194954
0.0193659
0.0194420
0.0196481
0.0199709
0.0204207
0.0208049
0.0211845
0.0213598
0.0211845
0.0214318
0.0216962
0.0221407
0.0226062
0.0231180
0.0236607
0.0226473
0.0228285
0.0228531
0.0227707
0.0231320
0.0235490
0.0240797
0.0246507
0.0252977
0.0259795
0.0267417
0.0274426
0.0282625
0.0291411
0.0299198
0.0308715
0.0317311
0.0327110
0.0336357
0.0346139
0.0355546
0.0366541
0.0376431
0.0386883
0.0397151
0.0407774
0.0418090
0.0429327
0.0439568
0.0453788
0.0468911
0.0484649
0.0499544
0.0515159
0.0531269
0.0547114
0.0563191
0.0579502
0.0595514
0.0612013
0.0628738
0.0645271
0.0661882
0.0678559
0.0695444
0.0712388
0.0729098
0.0746148
0.0763395
0.0780231
0.0798637
0.0815386
0.0832623
0.0850998
0.0868979
0.0888072
0.0908364
0.0927383
0.0947610
0.0966696
0.0987170
0.1005959
0.1025968
0.1045472
0.1065869
0.1089347
0.1112171
0.1135597
0.1151845
0.1179056
0.1205261
0.1232897
0.1255236
0.1284803
0.1310174
0.1339583
0.1369524
0.1397952
0.1429978
0.1461548
0.1494709
0.1527818
0.1562798
0.1596649
0.1632629
0.1669897
0.1705561
0.1743195
0.1781239
0.1818530
0.1857383
0.1896647
0.1936799
0.1976889
0.2015676
0.2057809
0.2098117
0.2138572
0.2182224
0.2222704
0.2263821
0.2305568
0.2347967
0.2390752
0.2433437
0.2477530
0.2521475
0.2564973
0.2609683
0.2654221
0.2698281
0.2743272
0.2788062
0.2832637
0.2879612
0.2923719
0.2968466
0.3013552
0.3060488
0.3105349
0.3149318
0.3196682
0.3240655
0.3284947
0.3332367
0.3376954
0.3423742
0.3468295
0.3510544
0.3553423
0.3594214
0.3633930
0.3672210
0.3708687
0.3734345
0.3767778
0.3805740
0.3843220
0.3880534
0.3905751
0.3926927
0.3944401
0.3958808
0.3977037
0.4000484
0.4022958
0.4044114
0.4060798
0.4075417
0.4093218
0.4100205
0.4102648
0.4098099
0.4071933
0.4043639
0.4025615
0.4036012
0.4029079
0.4053369
0.4041904
0.4024571
0.3981047
0.3921682
0.3875995
0.3817074
0.3741227
0.3676721
0.3599977
0.3530550
0.3458258
0.3388933
0.3312451
0.3237458
0.3169490
0.3103741
0.3038991
0.2977901
0.2919795
0.2866644
0.2818071
0.2774477
0.2735210
0.2704754
0.2680095
0.2660350
0.2641236
0.2624698
0.2612128
0.2604606
0.2596255
0.2579859
0.2568780
0.2567397
0.2574317
0.2584305
0.2523879
0.2506347
0.2489977
0.2475558
0.2467417
0.2463073
0.2461718
0.2463073
0.2468773
0.2475019
0.2485873
0.2498135
0.2513445
0.2530436
0.2549430
0.2568210
0.2591226
0.2613502
0.2636719
0.2661737
0.2687996
0.2715806
0.2744621
0.2774456
0.2805025
0.2836039
0.2868406
0.2900374
0.2935758
0.2971072
0.3006289
0.3042023
0.3079171
0.3116858
0.3155068
0.3193510
0.3230953
0.3270175
0.3310257
0.3350908
0.3389260
0.3431991
0.3471441
0.3511117
0.3552334
0.3593117
0.3632827
0.3675067
0.3713905
0.3756611
0.3790142
0.3832613
0.3875320
0.3914848
0.3955611
0.3996916
0.4038103
0.4080194
0.4119694
0.4152347
0.4187933
0.4219786
0.4250346
0.4278522
0.4311427
0.4344116
0.4372229
0.4402243
0.4430917
0.4460756
0.4487792
0.4515987
0.4544650
0.4571938
0.4600042
0.4625994
0.4652019
0.4677376
0.4701315
0.4727551
0.4751978
0.4775719
0.4800659
0.4823378
0.4846542
0.4871166
0.4891384
0.4912037
0.4932339
0.4954210
0.4974599
0.4995031
0.5013571
0.5034083
0.5052297
0.5070171
0.5090397
0.5107564
0.5126312
0.5142735
0.5160365
0.5177245
0.5193372
0.5209119
0.5224106
0.5239900
0.5255717
0.5271558
0.5286635
0.5299746
0.5312987
0.5328914
0.5342870
0.5348064
0.5350060
0.5350471
0.5350060
0.5352057
0.5352467
0.5344865
0.5343280
0.5338089
0.5330907
0.5323349
0.5314977
0.5307810
0.5299070
0.5283188
0.5265728
0.5243180
0.5216331
0.5241204
0.5237253
0.5233303
0.5213172
0.5176447
0.5156425
0.5112996
0.5066267
0.5018953
0.4963801
0.4897093
0.4839572
0.4771821
0.4699676
0.4625487
0.4548937
0.4471578
0.4396318
0.4319190
0.4244156
0.4171907
0.4103773
0.4037246
0.3976069
0.3915035
0.3856489
0.3802764
0.3751433
0.3703085
0.3657384
0.3616998
0.3579993
0.3544466
0.3511069
0.3480410
0.3461421
0.3445714
0.3436743
0.3420432
0.3398122
0.3378730
0.3373972
0.3374929
0.3372387
0.3372387
0.3373644
0.3328781
0.3308640
0.3287319
0.3268569
0.3255776
0.3246117
0.3239285
0.3236179
0.3235242
0.3237437
0.3239928
0.3242714
0.3250811
0.3257978
0.3265772
0.3276698
0.3278261
0.3283274
0.3295472
0.3311483
0.3329107
0.3345825
0.3364795
0.3383189
0.3402265
0.3411521
0.3423322
0.3432910
0.3449886
0.3466267
0.3482992
0.3495250
0.3508504
0.3523068
0.3537532
0.3552493
0.3565518
0.3580200
0.3591979
0.3605076
0.3618197
0.3631683
0.3645847
0.3656737
0.3669296
0.3683533
0.3695794
0.3707762
0.3720063
0.3731409
0.3743749
0.3755447
0.3768175
0.3782602
0.3794709
0.3806487
0.3819300
0.3831785
0.3843971
0.3855959
0.3864438
0.3878022
0.3888578
0.3898796
0.3912441
0.3926463
0.3937764
0.3950797
0.3965214
0.3979330
0.3993115
0.4008651
0.4022487
0.4038439
0.4057899
0.4077046
0.4096598
0.4117949
0.4147776
0.4170657
0.4201039
0.4230828
0.4261767
0.4297135
0.4328105
0.4362288
0.4395541
0.4428892
0.4464569
0.4500040
0.4537840
0.4575066
0.4610590
0.4650712
0.4687655
0.4728854
0.4767990
0.4808789
0.4849763
0.4888244
0.4928398
0.4969509
0.5010393
0.5052984
0.5094983
0.5136378
0.5177163
0.5215730
0.5258398
0.5296970
0.5335981
0.5372339
0.5409618
0.5443798
0.5480521
0.5512897
0.5547011
0.5581622
0.5615948
0.5648721
0.5682012
0.5716221
0.5745147
0.5778294
0.5804470
0.5830706
0.5847819
0.5874984
0.5904308
0.5926996
0.5948027
0.5972476
0.5993587
0.6016011
0.6039428
0.6056408
0.6078103
0.6094291
0.6113483
0.6126294
0.6141257
0.6154097
0.6171238
0.6184109
0.6197435
0.6212484
0.6224542
0.6238326
0.6248252
0.6262062
0.6272007
0.6283262
0.6292780
0.6304916
0.6312281
0.6323128
0.6330086
0.6337466
0.6341813
0.6345899
0.6345034
0.6345899
0.6348073
0.6345899
0.6346765
0.6344590
0.6343725
0.6342860
0.6341552
0.6340243
0.6338513
0.6336340
0.6333725
0.6331552
0.6325039
0.6324175
0.6318528
0.6315495
0.6310716
0.6311158
0.6310716
0.6312884
0.6323732
0.6327209
0.6335566
0.6345568
0.6354268
0.6365596
0.6375622
0.6388705
0.6399618
0.6412278
0.6424528
0.6437662
0.6452576
0.6468806
0.6481110
0.6496051
0.6511459
0.6523803
0.6539695
0.6553825
0.6567541
0.6582581
0.6596327
0.6610518
0.6621188
0.6636289
0.6650977
0.6660894
0.6677384
0.6688540
0.6704174
0.6715353
0.6728780
0.6740437
0.6754781
0.6765109
0.6777692
0.6786683
0.6798825
0.6810543
0.6817302
0.6829472
0.6838959
0.6845732
0.6855667
0.6862448
0.6872858
0.6877384
0.6883276
0.6889607
0.6895504
0.6900038
0.6904573
0.6910640
0.6916546
0.6921989
0.6925628
0.6932445
0.6937894
0.6937894
0.6943811
0.6945182
0.6947457
0.6949732
0.6951103
0.6952007
0.6953378
0.6952912
0.6952912
0.6952912
0.6951541
0.6953378
0.6950637
0.6946552
0.6943811
0.6941537
0.6940634
0.6935183
0.6930259
0.6929356
0.6923444
0.6922076
0.6915265
0.6912996
0.6904823
0.6900288
0.6891222
0.6870846
0.6851397
0.6839209
0.6831080
0.6824313
0.6818447
0.6813045
0.6806288
0.6800429
0.6782435
0.6773447
0.6766249
0.6759515
0.6752785
0.6744708
0.6736204
0.6730752
0.6724924
0.6715087
0.6703022
0.6692740
0.6684698
0.6680236
0.6674431
0.6666399
0.6667743
0.6669087
0.6677546
0.6683353
0.6694087
0.6704797
0.6716436
0.6732991
0.6718673
0.6723148
0.6735692
0.6737471
0.6746435
0.6758111
0.6769333
0.6781921
0.6800588
0.6819965
0.6839369
0.6862856
0.6880524
0.6907718
0.6928616
0.6952725
0.6979156
0.7005637
0.7028499
0.7055073
0.7080312
0.7103770
0.7131400
0.7154943
0.7178965
0.7203505
0.7228566
0.7252711
0.7272722
0.7288098
0.7302085
0.7310491
0.7314232
0.7314752
0.7311492
0.7318495
0.7317569
0.7318495
0.7319903
0.7319421
0.7318495
0.7315235
0.7330173
0.7343273
0.7364336
0.7389191
0.7424909
0.7462584
0.7506997
0.7557227
0.7601429
0.7651027
0.7660578
0.7680649
0.7701241
0.7718511
0.7751619
0.7768946
0.7795429
0.7821499
0.7848072
0.7878574
0.7905745
0.7936358
0.7964595
0.7995322
0.8026108
0.8058432
0.8090312
0.8119797
0.8151799
0.8182885
0.8209594
0.8243268
0.8270547
0.8303359
0.8329749
0.8348184
0.8378650
0.8412668
0.8435730
0.8460816
0.8489969
0.8517134
0.8543862
0.8573158
0.8591379
0.8620234
0.8647646
0.8668970
0.8692381
0.8716834
0.8738242
0.8760205
0.8779110
0.8801652
0.8819056
0.8838065
0.8857585
0.8876594
0.8896155
0.8914183
0.8932763
0.8950828
0.8967887
0.8985453
0.9002544
0.9019651
0.9032944
0.9046454
0.9062036
0.9076599
0.9087003
0.9100016
0.9110433
0.9121891
0.9131823
0.9140685
0.9150088
0.9159498
0.9168373
0.9176214
0.9184598
0.9189830
0.9201338
0.9205535
0.9210773
0.9217052
0.9222293
0.9224915
0.9231740
0.9235403
0.9239608
0.9240360
0.9243526
0.9249274
0.9250857
0.9250857
0.9252441
0.9252441
0.9255067
0.9250857
0.9251899
0.9249816
0.9248775
0.9245608
0.9242984
0.9240360
0.9236696
0.9233532
0.9228829
0.9223045
0.9219384
0.9211525
0.9208905
0.9203127
0.9193198
0.9184809
0.9183916
0.9176072
0.9172916
0.9166653
0.9162464
0.9156204
0.9147831
0.9140543
0.9132717
0.9123321
0.9114962
0.9107147
0.9098303
0.9087354
0.9078521
0.9068123
0.9055133
0.9043181
0.9030209
0.9016709
0.9002731
0.8988226
0.8973733
0.8958228
0.8946340
0.8931189
0.8919318
0.8906437
0.8896137
0.8881719
0.8868864
0.8853450
0.8839066
0.8823678
0.8808785
0.8791878
0.8775520
0.8762742
0.8744338
0.8724943
0.8708647
0.8691307
0.8671971
0.8653186
0.8632361
0.8616152
0.8607025
0.8594370
0.8575143
0.8568563
0.8559840
0.8559840
0.8552268
0.8549217
0.8549217
0.8546695
0.8543174
0.8541650
0.8544171
0.8543174
0.8544171
0.8543174
0.8528047
0.8515921
0.8513929
0.8517969
0.8525001
0.8533087
0.8543174
0.8553266
0.8555790
0.8563364
0.8572469
0.8581051
0.8587635
0.8594446
0.8599506
0.8602037
0.8607630
0.8614696
0.8622296
0.8625361
0.8632434
0.8639039
0.8645647
0.8649188
0.8645647
0.8644113
0.8644113
0.8648185
0.8649188
0.8650723
0.8655800
0.8663417
0.8663949
0.8671571
0.8683276
0.8692445
0.8704637
0.8717905
0.8733034
0.8749350
0.8772873
0.8788215
0.8806668
0.8824602
0.8845121
0.8868772
0.8888326
0.8908919
0.8929058
0.8954862
0.8976074
0.9000379
0.9020077
0.9044986
0.9065279
0.9088677
0.9111075
0.9134532
0.9157535
0.9175824
0.9199913
0.9222448
0.9239765
0.9259377
0.9271472
0.9287244
0.9298808
0.9312519
0.9322014
0.9336236
0.9345742
0.9358938
0.9367411
0.9379024
0.9387506
0.9398085
0.9407623
0.9413965
0.9424559
0.9433061
0.9442064
0.9452674
0.9462239
0.9470758
0.9485093
0.9497334
0.9510636
0.9526611
0.9544286
0.9554954
0.9570967
0.9583262
0.9599299
0.9610551
0.9630351
0.9643747
0.9659834
0.9678110
0.9695292
0.9713045
0.9732950
0.9750738
0.9768542
0.9787992
0.9808533
0.9826389
0.9843702
0.9862666
0.9881132
0.9888711
0.9909920
0.9931104
0.9947992
0.9960413
0.9970229
0.9981692
0.9990959
0.9996976
0.9989315
0.9994247
0.9999145
1.0005160
1.0003520
1.0001870
1.0001870
1.0002430
1.0000790
1.0002430
1.0001870
0.9999705
0.9996415
0.9994771
0.9990959
0.9984419
0.9981133
0.9969705
0.9959890
0.9950079
0.9935561
0.9918162
0.9898590
0.9879590
0.9860609
0.9840567
0.9816213
0.9795667
0.9772443
0.9749247
0.9726627
0.9702938
0.9677687
0.9652468
0.9627803
0.9602649
0.9576985
0.9551355
0.9531630
0.9505001
0.9491159
0.9463528
0.9453427
0.9433804
0.9418959
0.9408998
0.9388884
0.9373022
0.9360867
0.9342390
0.9329737
0.9312341
0.9301808
0.9288118
0.9277598
0.9263410
0.9252905
0.9242405
0.9229289
0.9216183
0.9206749
0.9195232
0.9180577
0.9172733
0.9159666
0.9147651
0.9135643
0.9124171
0.9112705
0.9100720
0.9083830
0.9065629
0.9046409
0.9028245
0.9008543
0.8987829
0.8965586
0.8945953
0.8926350
0.8901608
0.8880500
0.8857365
0.8835284
0.8811185
0.8785582
0.8763591
0.8738058
0.8713578
0.8684558
0.8660153
0.8632234
0.8605882
0.8578051
0.8554305
0.8528571
0.8503864
0.8478206
0.8455104
0.8432530
0.8410482
0.8388471
0.8365484
0.8344527
0.8324091
0.8299707
0.8278334
0.8258477
0.8238645
0.8218338
0.8194110
0.8174355
0.8153144
0.8129011
0.8109822
0.8085753
0.8063185
0.8042611
0.8020595
0.7997144
0.7975681
0.7953359
0.7931466
0.7912031
0.7891162
0.7870321
0.7846125
0.7824380
0.7800254
0.7779533
0.7752114
0.7728100
0.7706036
0.7679701
0.7652459
0.7613822
0.7574813
0.7543962
0.7516484
0.7492838
0.7467346
0.7444243
0.7419772
0.7391585
0.7366729
0.7337238
0.7314044
0.7289791
0.7266961
0.7242785
0.7218180
0.7193162
0.7167252
0.7138630
0.7109599
0.7076498
0.7046216
0.7017373
0.7000004
0.6981747
0.6974906
0.6966699
0.6964421
0.6962605
0.6966699
0.6940754
0.6928023
0.6917573
0.6902150
0.6889454
0.6879492
0.6875825
0.6873562
0.6876726
0.6875825
0.6879451
0.6882616
0.6888047
0.6892579
0.6899378
0.6903011
0.6911182
0.6918894
0.6928883
0.6933891
0.6940711
0.6948440
0.6957544
0.6962563
0.6971676
0.6976234
0.6981702
0.6991293
0.6996767
0.7002709
0.7006811
0.7013971
0.7022209
0.7031360
0.7038697
0.7045568
0.7053354
0.7057028
0.7061614
0.7063438
0.7063908
0.7066202
0.7068496
0.7070791
0.7071704
0.7071704
0.7073087
0.7070791
0.7071704
0.7068496
0.7068496
0.7063908
0.7060232
0.7056558
0.7049682
0.7040987
0.7034885
0.7030307
0.7024822
0.7019778
0.7015205
0.7006064
0.7001496
0.6992364
0.6986425
0.6976397
0.6968186
0.6958609
0.6949505
0.6937230
0.6927238
0.6916785
0.6904975
0.6895006
0.6882313
0.6871896
0.6859690
0.6843876
0.6832591
0.6816344
0.6803294
0.6789487
0.6782278
0.6769263
0.6747253
0.6739640
0.6734697
0.6724854
0.6713668
0.6704264
0.6696675
0.6685513
0.6673899
0.6648514
0.6641840
0.6631604
0.6617817
0.6606721
0.6592539
0.6581884
0.6567729
0.6554008
0.6538551
0.6526647
0.6512095
0.6501961
0.6490437
0.6483843
0.6472405
0.6463170
0.6452659
0.6442571
0.6432490
0.6422871
0.6412805
0.6398382
0.6389652
0.6376570
0.6367404
0.6353031
0.6343472
0.6329986
0.6316106
0.6306124
0.6290963
0.6277982
0.6264567
0.6253771
0.6239527
0.6226599
0.6218841
0.6208987
0.6203389
0.6199090
0.6203389
0.6211137
0.6216292
0.6230509
0.6249911
0.6268938
0.6292728
0.6328725
0.6350045
0.6385751
0.6423333
0.6455771
0.6495300
0.6535868
0.6574765
0.6619558
0.6665848
0.6710950
0.6758447
0.6806112
0.6857568
0.6908746
0.6962674
0.7015623
0.7071066
0.7124906
0.7181694
0.7235467
0.7293180
0.7349707
0.7407873
0.7462977
0.7521094
0.7575181
0.7628965
0.7682491
0.7735704
0.7792011
0.7845098
0.7898870
0.7951863
0.8001117
0.8045626
0.8090258
0.8136501
0.8181385
0.8225412
0.8270699
0.8315951
0.8361326
0.8405835
0.8444922
0.8481587
0.8518856
0.8556679
0.8592584
0.8630096
0.8663084
0.8699211
0.8733872
0.8766047
0.8800362
0.8830574
0.8862446
0.8895875
0.8925768
0.8956251
0.8985705
0.9013698
0.9041194
0.9068189
0.9095280
0.9122998
0.9132395
0.9135003
0.9130819
0.9089630
0.9033508
0.8963556
0.8881552
0.8815290
0.8755925
0.8712037
0.8669264
0.8601799
0.8519947
0.8545681
0.8511865
0.8474610
0.8431958
0.8381394
0.8324496
0.8254410
0.8200417
0.8142648
0.8073334
0.7982811
0.7882615
0.7803314
0.7726812
0.7652577
0.7596331
0.7519917
0.7460821
0.7379915
0.7306933
0.7238957
0.7175438
0.7115412
0.7066246
0.7022678
0.6986135
0.6947364
0.6912389
0.6882453
0.6857573
0.6825030
0.6793504
0.6759339
0.6723022
0.6675650
0.6625760
0.6570201
0.6545891
0.6518964
0.6503090
0.6492962
0.6476709
0.6459152
0.6403526
0.6366002
0.6325105
0.6287812
0.6254091
0.6223913
0.6195509
0.6170608
0.6148744
0.6129500
0.6110685
0.6092344
0.6075315
0.6063844
0.6050658
0.6038767
0.6030288
0.6020534
0.6010584
0.5994507
0.5980562
0.5965797
0.5953156
0.5937155
0.5923277
0.5909849
0.5897666
0.5881342
0.5867097
0.5854130
0.5840384
0.5829529
0.5813696
0.5801218
0.5790399
0.5779197
0.5770472
0.5761361
0.5751008
0.5743980
0.5732788
0.5727837
0.5724525
0.5717272
0.5707777
0.5706958
0.5696653
0.5689234
0.5685936
0.5681002
0.5678524
0.5676072
0.5671960
0.5673594
0.5680580
0.5683060
0.5688416
0.5699532
0.5708200
0.5720156
0.5739173
0.5751586
0.5772304
0.5796389
0.5815532
0.5837622
0.5863503
0.5885683
0.5911829
0.5935366
0.5961057
0.5988052
0.6013014
0.6040994
0.6058388
0.6089450
0.6119741
0.6145390
0.6175382
0.6208036
0.6231714
0.6261057
0.6279206
0.6306935
0.6333838
0.6357333
0.6381294
0.6406616
0.6428481
0.6454769
0.6478038
0.6504877
0.6527786
0.6549953
0.6565875
0.6582248
0.6596425
0.6610625
0.6624842
0.6638178
0.6651528
0.6663994
0.6676037
0.6688082
0.6699248
0.6710423
0.6721171
0.6731016
0.6742664
0.6753438
0.6761509
0.6771384
0.6778581
0.6785772
0.6792520
0.6799270
0.6805127
0.6814585
0.6818107
0.6821260
0.6824871
0.6828932
0.6832994
0.6835250
0.6836600
0.6837057
0.6837957
0.6838407
0.6837965
0.6837057
0.6837965
0.6835250
0.6835700
0.6834801
0.6829830
0.6829389
0.6823972
0.6822166
0.6815862
0.6813152
0.6806394
0.6802797
0.6798287
0.6788945
0.6785800
0.6781304
0.6776362
0.6770518
0.6763781
0.6756146
0.6748524
0.6740897
0.6732391
0.6723427
0.6713595
0.6704643
0.6694372
0.6684099
0.6676518
0.6663578
0.6651112
0.6639977
0.6628428
0.6615976
0.6603555
0.6588920
0.6574311
0.6560149
0.6546003
0.6536854
0.6530236
0.6522292
0.6510400
0.6502920
0.6491920
0.6483550
0.6470370
0.6460706
0.6446679
0.6435726
0.6426101
0.6416035
0.6408162
0.6398123
0.6397241
0.6392443
0.6383716
0.6379356
0.6376296
0.6373251
0.6368461
0.6365836
0.6364105
0.6363226
0.6367248
0.6374235
0.6382521
0.6387315
0.6394292
0.6401726
0.6409597
0.6416587
0.6424901
0.6429296
0.6438487
0.6443301
0.6448987
0.6454694
0.6461728
0.6467422
0.6474007
0.6479726
0.6484120
0.6485011
0.6489843
0.6493350
0.6480597
0.6470051
0.6468292
0.6469636
0.6473572
0.6477965
0.6482813
0.6486754
0.6491587
0.6484992
0.6486318
0.6489407
0.6492478
0.6495549
0.6497768
0.6499949
0.6501277
0.6502605
0.6499532
0.6494241
0.6490715
0.6485882
0.6477529
0.6473572
0.6467441
0.6465662
0.6463052
0.6460858
0.6462463
0.6465114
0.6468634
0.6466874
0.6466874
0.6468611
0.6468177
0.6465548
0.6465983
0.6464223
0.6460726
0.6460726
0.6456774
0.6452389
0.6451064
0.6446248
0.6441844
0.6435730
0.6430897
0.6424356
0.6420414
0.6413424
0.6405550
0.6396361
0.6390679
0.6385665
0.6380011
0.6373905
0.6369118
0.6362561
0.6356918
0.6348218
0.6330811
0.6326923
0.6316504
0.6309117
0.6302163
0.6296547
0.6293073
0.6294810
0.6293501
0.6293954
0.6298285
0.6299568
0.6308260
0.6320817
0.6331670
0.6345614
0.6366054
0.6380442
0.6405953
0.6440079
0.6465516
0.6498498
0.6531563
0.6565585
0.6599258
0.6636585
0.6673548
0.6709731
0.6748696
0.6790051
0.6829249
0.6867220
0.6909354
0.6949372
0.6992238
0.7032917
0.7076069
0.7117898
0.7161310
0.7201990
0.7243793
0.7286146
0.7328622
0.7375763
0.7423663
0.7471253
0.7518528
0.7563112
0.7609774
0.7655063
0.7687141
0.7729315
0.7776451
0.7818903
0.7857076
0.7898315
0.7939111
0.7978571
0.8018129
0.8048957
0.8091179
0.8133476
0.8172444
0.8205550
0.8240712
0.8276438
0.8313259
0.8347668
0.8381437
0.8414471
0.8448558
0.8480237
0.8510947
0.8534647
0.8567981
0.8596818
0.8624205
0.8650061
0.8678035
0.8704510
0.8732032
0.8757583
0.8784180
0.8809808
0.8834425
0.8859038
0.8880646
0.8906921
0.8932219
0.8952860
0.8976110
0.8996839
0.9019635
0.9035030
0.9049574
0.9062558
0.9077123
0.9085438
0.9101083
0.9108861
0.9121406
0.9129741
0.9138079
0.9151675
0.9166312
0.9179379
0.9188256
0.9202923
0.9217084
0.9226497
0.9242263
0.9253311
0.9265921
0.9279578
0.9289057
0.9303803
0.9315374
0.9328027
0.9331833
0.9330266
0.9329196
0.9328153
0.9327083
0.9326039
0.9323925
0.9323403
0.9318134
0.9316543
0.9317586
0.9313909
0.9309164
0.9305488
0.9302309
0.9298635
0.9294935
0.9291262
0.9290220
0.9287044
0.9279155
0.9288111
0.9283893
0.9284414
0.9296550
0.9288875
0.9283615
0.9279923
0.9275727
0.9274143
0.9279923
0.9281490
0.9286767
0.9291489
0.9295182
0.9303079
0.9308885
0.9318880
0.9326262
0.9336826
0.9349476
0.9358985
0.9370617
0.9382764
0.9392291
0.9402875
0.9416112
0.9427779
0.9436785
0.9451646
0.9455037
0.9456105
0.9459288
0.9461414
0.9464598
0.9466196
0.9468840
0.9469910
0.9470980
0.9471496
0.9471508
0.9471508
0.9470967
0.9469910
0.9468324
0.9466196
0.9462472
0.9459817
0.9456105
0.9452382
0.9447604
0.9442311
0.9436467
0.9430637
0.9405203
0.9377813
0.9358785
0.9346122
0.9335035
0.9324489
0.9313949
0.9303415
0.9293412
0.9272373
0.9257658
0.9246109
0.9232990
0.9220403
0.9206781
0.9193161
0.9178516
0.9160733
0.9142983
0.9122115
0.9097102
0.9072651
0.9048741
0.9028498
0.9006212
0.8981875
0.8964042
0.8946486
0.8925320
0.8906253
0.8887708
0.8869715
0.8847606
0.8828111
0.8805556
0.8784047
0.8759513
0.8738061
0.8712565
0.8689650
0.8663203
0.8638827
0.8615505
0.8588163
0.8562877
0.8533609
0.8507411
0.8482243
0.8451604
0.8424513
0.8394985
0.8366050
0.8338103
0.8308717
0.8277899
0.8248619
0.8216414
0.8186259
0.8155670
0.8124636
0.8092185
0.8059310
0.8025042
0.7970843
0.7910522
0.7844630
0.7774670
0.7705032
0.7631888
0.7555293
0.7473883
0.7402325
0.7326428
0.7235124
0.7142555
0.7044154
0.6948429
0.6871738
0.6864502
0.6805372
0.6754575
0.6688335
0.6626863
0.6563905
0.6505200
0.6445025
0.6388168
0.6332871
0.6276093
0.6229888
0.6180436
0.6133319
0.6087654
0.6047682
0.6008261
0.5973608
0.5935686
0.5902088
0.5867337
0.5826002
0.5785649
0.5743968
0.5701430
0.5653720
0.5602506
0.5550740
0.5491512
0.5436225
0.5401657
0.5355221
0.5320109
0.5270061
0.5215904
0.5164377
0.5115846
0.5063261
0.5012880
0.4961222
0.4915951
0.4877361
0.4824124
0.4763652
0.4708039
0.4659102
0.4609305
0.4559388
0.4506026
0.4454136
0.4400007
0.4347659
0.4293471
0.4240692
0.4186816
0.4134001
0.4080124
0.4024860
0.3971702
0.3918888
0.3864402
0.3811974
0.3757897
0.3702876
0.3649918
0.3597333
0.3544807
0.3492025
0.3447638
0.3404186
0.3362584
0.3323124
0.3278273
0.3233640
0.3191869
0.3150972
0.3110043
0.3075735
0.3045228
0.3016975
0.2991238
0.2969191
0.2951069
0.2935370
0.2914116
0.2892342
0.2870955
0.2851677
0.2833924
0.2816796
0.2799446
0.2778971
0.2752555
0.2729407
0.2710328
0.2694150
0.2678588
0.2663632
0.2647550
0.2632402
0.2617298
0.2601400
0.2585833
0.2569480
0.2553728
0.2537756
0.2521829
0.2504585
0.2489034
0.2456184
0.2430817
0.2405316
0.2382342
0.2358955
0.2339901
0.2322506
0.2305960
0.2290778
0.2281643
0.2266806
0.2257455
0.2250196
0.2241919
0.2235146
0.2228955
0.2221743
0.2215059
0.2211211
0.2207106
0.2203257
0.2200695
0.2197620
0.2194297
0.2192250
0.2191486
0.2190718
0.2190463
0.2190718
0.2191227
0.2194297
0.2197880
0.2198645
0.2202491
0.2209156
0.2211978
0.2217633
0.2222517
0.2227924
0.2233856
0.2238504
0.2243930
0.2251179
0.2256362
0.2264407
0.2270387
0.2276895
0.2281848
0.2289677
0.2295426
0.2301447
0.2307733
0.2314299
0.2320340
0.2326394
0.2332193
0.2337995
0.2343540
0.2346979
0.2352799
0.2358362
0.2361811
0.2367654
0.2372435
0.2374834
0.2380153
0.2372970
0.2368188
0.2368982
0.2372170
0.2379888
0.2389484
0.2399908
0.2411418
0.2420270
0.2421618
0.2428066
0.2430756
0.2431566
0.2431834
0.2430488
0.2431029
0.2432107
0.2432375
0.2433990
0.2433453
0.2434258
0.2435068
0.2434527
0.2434046
0.2434856
0.2434320
0.2430817
0.2427859
0.2425438
0.2421407
0.2419523
0.2417106
0.2414156
0.2407722
0.2398627
0.2388471
0.2377016
0.2360546
0.2341479
0.2320133
0.2297570
0.2273303
0.2246571
0.2217943
0.2193327
0.2175467
0.2160975
0.2140213
0.2117469
0.2090926
0.2064052
0.2034643
0.2006667
0.1976942
0.1947678
0.1917680
0.1888150
0.1858615
0.1845927
0.1827211
0.1809054
0.1791681
0.1771174
0.1750330
0.1727788
0.1704722
0.1682034
0.1656603
0.1632252
0.1607427
0.1581050
0.1554892
0.1529168
0.1501511
0.1473300
0.1445770
0.1416855
0.1388842
0.1359903
0.1332062
0.1303132
0.1275297
0.1246801
0.1218053
0.1190017
0.1162310
0.1134191
0.1107325
0.1079347
0.1052435
0.1025164
0.0997386
0.0973054
0.0947510
0.0922139
0.0900060
0.0878732
0.0858620
0.0840025
0.0825689
0.0812875
0.0802171
0.0793227
0.0781586
0.0770483
0.0761116
0.0752256
0.0741962
0.0732917
0.0723491
0.0714414
0.0705395
0.0696579
0.0687816
0.0679397
0.0671027
0.0662847
0.0652489
0.0642348
0.0634624
0.0629408
0.0623260
0.0618227
0.0614511
0.0613973
0.0613029
0.0612353
0.0611401
0.0610190
0.0606824
0.0603200
0.0599313
0.0597178
0.0594513
0.0591054
0.0587741
0.0584306
0.0580877
0.0572098
0.0566104
0.0559757
0.0554344
0.0550240
0.0547170
0.0545894
0.0543856
0.0542967
0.0543473
0.0544128
0.0548979
0.0554107
0.0559130
0.0565216
0.0570683
0.0577358
0.0583803
0.0590015
0.0597336
0.0605101
0.0612240
0.0620101
0.0627193
0.0635149
0.0643299
0.0651908
0.0659317
0.0667334
0.0675540
0.0683937
0.0692393
0.0700894
0.0709159
0.0716590
0.0726142
0.0736327
0.0747033
0.0758124
0.0768977
0.0779617
0.0789866
0.0800191
0.0810727
0.0821178
0.0831540
0.0841644
0.0852134
0.0862056
0.0872343
0.0882052
0.0893112
0.0903420
0.0913452
0.0924881
0.0934877
0.0945257
0.0956372
0.0965677
0.0977079
0.0987397
0.0998064
0.1008971
0.1020282
0.1029892
0.1041319
0.1051737
0.1063108
0.1072388
0.1083858
0.1094131
0.1104630
0.1114089
0.1124142
0.1134047
0.1144371
0.1154560
0.1164793
0.1174690
0.1184431
0.1194039
0.1203873
0.1213171
0.1223083
0.1232455
0.1242320
0.1250216
0.1261247
0.1269408
0.1278571
0.1286980
0.1295818
0.1304285
0.1312778
0.1320699
0.1329050
0.1336626
0.1344632
0.1351843
0.1359285
0.1366748
0.1374018
0.1382335
0.1390061
0.1398427
0.1407423
0.1415624
0.1422413
0.1431283
0.1438328
0.1447439
0.1456386
0.1466199
0.1475632
0.1477714
0.1481291
0.1488858
0.1498572
0.1509377
0.1520431
0.1531314
0.1542448
0.1553410
0.1560081
0.1569811
0.1580655
0.1591307
0.1601994
0.1612501
0.1619098
0.1624142
0.1628326
0.1628326
0.1625475
0.1620412
0.1614752
0.1615652
0.1617396
0.1619159
0.1620041
0.1620041
0.1620041
0.1618728
0.1617396
0.1616083
0.1614106
0.1614106
0.1617611
0.1620492
0.1620041
0.1617630
0.1613656
0.1609061
0.1605780
0.1600981
0.1596171
0.1591154
0.1585485
0.1580912
0.1575067
0.1571028
0.1570159
0.1569078
0.1568210
0.1567786
0.1566050
0.1564337
0.1562792
0.1575589
0.1581878
0.1587733
0.1593642
0.1594068
0.1592318
0.1587542
0.1584027
0.1575143
0.1559559
0.1547524
0.1532706
0.1510759
0.1491923
0.1469000
0.1440464
0.1416692
0.1387231
0.1358872
0.1333619
0.1305046
0.1275573
0.1245518
0.1217516
0.1189832
0.1163012
0.1134143
0.1106877
0.1079067
0.1053014
0.1030969
0.1010871
0.0992728
0.0972842
0.0953505
0.0935704
0.0918898
0.0903562
0.0887029
0.0872610
0.0857355
0.0843490
0.0829107
0.0818945
0.0808816
0.0799199
0.0790108
0.0780900
0.0771156
0.0762666
0.0757114
0.0751397
0.0746156
0.0738565
0.0731894
0.0724519
0.0716877
0.0709881
0.0702599
0.0695093
0.0687628
0.0681034
0.0674628
0.0667567
0.0660233
0.0652959
0.0645994
0.0637384
0.0633874
0.0631532
0.0629347
0.0627277
0.0624968
0.0622774
0.0619905
0.0617064
0.0614469
0.0611510
0.0608797
0.0605960
0.0603152
0.0600048
0.0597103
0.0593630
0.0590167
0.0586863
0.0583271
0.0579711
0.0575256
0.0570671
0.0566104
0.0561951
0.0558063
0.0559678
0.0562530
0.0564593
0.0568105
0.0571253
0.0574936
0.0578481
0.0580976
0.0583477
0.0586413
0.0589052
0.0591443
0.0594246
0.0596647
0.0599592
0.0601618
0.0603880
0.0606067
0.0606996
0.0607254
0.0607537
0.0606971
0.0607925
0.0607383
0.0607279
0.0610071
0.0614553
0.0618346
0.0622050
0.0624375
0.0626966
0.0628750
0.0630274
0.0631772
0.0633722
0.0634801
0.0633853
0.0632063
0.0630115
0.0627648
0.0626155
0.0623696
0.0620146
0.0617411
0.0613879
0.0610100
0.0606817
0.0602803
0.0598209
0.0593943
0.0592138
0.0590691
0.0589496
0.0587613
0.0586703
0.0585357
0.0583261
0.0580888
0.0578988
0.0577028
0.0574420
0.0571508
0.0569036
0.0566293
0.0563555
0.0560151
0.0556787
0.0553038
0.0549575
0.0545971
0.0542409
0.0538318
0.0535141
0.0532211
0.0528695
0.0528155
0.0528779
0.0528306
0.0527649
0.0527413
0.0526521
0.0526016
0.0525276
0.0524268
0.0523378
0.0522137
0.0520982
0.0520362
0.0518623
0.0516855
0.0514856
0.0513625
0.0511781
0.0510140
0.0508270
0.0505825
0.0511516
0.0513741
0.0515505
0.0517004
0.0520263
0.0524404
0.0527901
0.0530586
0.0532343
0.0531446
0.0532461
0.0530975
0.0528289
0.0526421
0.0522390
0.0517105
0.0513376
0.0508287
0.0501972
0.0491933
0.0484527
0.0473963
0.0460534
0.0451029
0.0438285
0.0424258
0.0411765
0.0398305
0.0384144
0.0372221
0.0360943
0.0349267
0.0337318
0.0325118
0.0312664
0.0300307
0.0287969
0.0275608
0.0263492
0.0250708
0.0239001
0.0226426
0.0214017
0.0201886
0.0189805
0.0177646
0.0164931
0.0153128
0.0140797
0.0128235
0.0116790
0.0105097
0.0093530
0.0082851
0.0073183
0.0064154
0.0056086
0.0048313
0.0040924
0.0034079
0.0028048
0.0022676
0.0017946
0.0013769
0.0010372
0.0007516
0.0005169
0.0003352
0.0001901
0.0000928
0.0000291
0.0000009
0.0000115
0.0000599
0.0001591
0.0003064
0.0005130
0.0007726
0.0010405
0.0013150
0.0015848
0.0018783
0.0021196
0.0023508
0.0025674
0.0027810
0.0029752
0.0031562
0.0033092
0.0033248
0.0032685
0.0031562
0.0030234
0.0029763
0.0029643
0.0027578
0.0026373
0.0024865
0.0029155
0.0029403
0.0030366
0.0031439
0.0032116
0.0032713
0.0032334
0.0031644
0.0030755
0.0029990
0.0029298
0.0028534
0.0028236
0.0027282
0.0026510
0.0025997
0.0025303
0.0024668
0.0024066
0.0023588
0.0023129
0.0022731
0.0022370
0.0021970
0.0021694
0.0021434
0.0021240
0.0020983
0.0020850
0.0020604
0.0020650
0.0020189
0.0019826
0.0019256
0.0018703
0.0018209
0.0017785
0.0017415
0.0017162
0.0017000
0.0017091
0.0017303
0.0017395
0.0017599
0.0017949
0.0018239
0.0018522
0.0018924
0.0019190
0.0019849
0.0020663
0.0021685
0.0022989
0.0024599
0.0026386
0.0028497
0.0031359
0.0034439
0.0038099
0.0042373
0.0046226
0.0050261
0.0054288
0.0053854
0.0053444
0.0052963
0.0051955
0.0050994
0.0049555
0.0047665
0.0045596
0.0044142
0.0042360
0.0040411
0.0038918
0.0037307
0.0035580
0.0033599
0.0031769
0.0029739
0.0027877
0.0025647
0.0023540
0.0023647
0.0022498
0.0021490
0.0020650
0.0019836
0.0019296
0.0018711
0.0018290
0.0018145
0.0018166
0.0018260
0.0018574
0.0019200
0.0020045
0.0020605
0.0021185
0.0021933
0.0022836
0.0023671
0.0025758
0.0028413
0.0031623
0.0035337
0.0037988
0.0039370
0.0040807
0.0041701
0.0042017
0.0042684
0.0044294
0.0046182
0.0045620
0.0044326
0.0042572
0.0039938
0.0036749
0.0033072
0.0028915
0.0025221
0.0021506
0.0017583
0.0013690
0.0011401
0.0009261
0.0007318
0.0006875
0.0005830
0.0004866
0.0003810
0.0002336
0.0001170
0.0000394
0.0000027
0.0000093
0.0000610
0.0001560
0.0003047
0.0004931
0.0007345
0.0010113
0.0013529
0.0017075
0.0021316
0.0025902
0.0030934
0.0036250
0.0041972
0.0047741
0.0053525
0.0059449
0.0065330
0.0071013
0.0076740
0.0082403
0.0090072
0.0097162
0.0103919
0.0110211
0.0116104
0.0121831
0.0127117
0.0131813
0.0137622
0.0143441
0.0149615
0.0157421
0.0166309
0.0173467
0.0179046
0.0184742
0.0189790
0.0194800
0.0199324
0.0204007
0.0208496
0.0213356
0.0217835
0.0228486
0.0237095
0.0247914
0.0256208
0.0264002
0.0270797
0.0274055
0.0278570
0.0280978
0.0279876
0.0280851
0.0278570
0.0273171
0.0269591
0.0263646
0.0254258
0.0246910
0.0237785
0.0226659
0.0216949
0.0205943
0.0195732
0.0185080
0.0175506
0.0165684
0.0154861
0.0145585
0.0138123
0.0131788
0.0125529
0.0118827
0.0112441
0.0106214
0.0099914
0.0093613
0.0087616
0.0081792
0.0075893
0.0070295
0.0064874
0.0059464
0.0054429
0.0049463
0.0044671
0.0040401
0.0035997
0.0031954
0.0027919
0.0024180
0.0020753
0.0017580
0.0014611
0.0012115
0.0010042
0.0008221
0.0006554
0.0005002
0.0003497
0.0002147
0.0001218
0.0000482
0.0000043
0.0000049
0.0000525
0.0001597
0.0003114
0.0005398
0.0008561
0.0011818
0.0015922
0.0020736
0.0026233
0.0032795
0.0039261
0.0046993
0.0054342
0.0062446
0.0070195
0.0077638
0.0084949
0.0092244
0.0099279
0.0107057
0.0114775
0.0122175
0.0129308
0.0136204
0.0143018
0.0149444
0.0155543
0.0157557
0.0157831
0.0157008
0.0151149
0.0146497
0.0143786
0.0139859
0.0128031
0.0132436
0.0123892
0.0123717
0.0122123
0.0115845
0.0108333
0.0099679
0.0090521
0.0080593
0.0070595
0.0062775
0.0055297
0.0048772
0.0040978
0.0033890
0.0027763
0.0022497
0.0018463
0.0015135
0.0012467
0.0010307
0.0007872
0.0005734
0.0004009
0.0002962
0.0002198
0.0001649
0.0001238
0.0001005
0.0000829
0.0000516
0.0000201
0.0000038
0.0000015
0.0000007
0.0000000
0.0000000
0.0000167
0.0000430
0.0000822
0.0001267
0.0001691
0.0002070
0.0002434
0.0002689
0.0002885
0.0003087
0.0003240
0.0003351
0.0003311
0.0003311
0.0003319
0.0003240
0.0003224
0.0003240
0.0003532
0.0003949
0.0003645
0.0004009
0.0003974
0.0003457
0.0003197
0.0002721
0.0001963
0.0001343
0.0000729
0.0000143
0.0000005
0.0000176
0.0001011
0.0002317
0.0004337
0.0007555
0.0011232
0.0016246
0.0021715
0.0028226
0.0035665
0.0043805
0.0054268
0.0062946
0.0073949
0.0084523
0.0097589
0.0110274
0.0125131
0.0141390
0.0158482
0.0177405
0.0198916
0.0220699
0.0244819
0.0272192
0.0300276
0.0331833
0.0368460
0.0405194
0.0446199
0.0492718
0.0540658
0.0594290
0.0654862
0.0716308
0.0785331
0.0864026
0.0942431
0.1024508
0.1118522
0.1206301
0.1308601
0.1419469
0.1531644
0.1648236
0.1773838
0.1903104
0.2037525
0.2177721
0.2323196
0.2470840
0.2620996
0.2771948
0.2923881
0.3076248
0.3222432
0.3364002
0.3503463
0.3663301
0.3828512
0.3995520
0.4164399
0.4327938
0.4476435
0.4622922
0.4777153
0.4933913
0.5094478
0.5267584
0.5432132
0.5591801
0.5741333
0.5880583
0.6020463
0.6154913
0.6290140
0.6391235
0.6597968
0.6740419
0.6857587
0.6955185
0.7025594
0.7042633
0.7093827
0.7138619
0.7156122
0.7186149
0.7146991
0.7045971
0.6954562
0.6849861
0.6710166
0.6580631
0.6408429
0.6214311
0.6037235
0.5835372
0.5603238
0.5379319
0.5153770
0.4909088
0.4678646
0.4426732
0.4192356
0.3958673
0.3732475
0.3516000
0.3314189
0.3126551
0.2952815
0.2792480
0.2647038
0.2515240
0.2396091
0.2285738
0.2173438
0.2064366
0.1951233
0.1838126
0.1692533
0.1594027
0.1511367
0.1423260
0.1348381
0.1295497
0.1239867
0.1193195
0.1171087
0.1143914
0.1113748
0.1098812
0.1089251
0.1078599
0.1071797
0.1065027
0.1061926
0.1059820
0.1058135
0.1058697
0.1059116
0.1054882
0.1046489
0.1035906
0.1022748
0.1013934
0.1003655
0.0986363
0.0965462
0.0941738
0.0915953
0.0887185
0.0865342
0.0843385
0.0820607
0.0797648
0.0772492
0.0744087
0.0713906
0.0682659
0.0671317
0.0645954
0.0634917
0.0616672
0.0596796
0.0575787
0.0554445
0.0530809
0.0506339
0.0480740
0.0454789
0.0427061
0.0399253
0.0369309
0.0341804
0.0314447
0.0286036
0.0260083
0.0233843
0.0209123
0.0185431
0.0162611
0.0141136
0.0120989
0.0102178
0.0084954
0.0069138
0.0054631
0.0041803
0.0030736
0.0020990
0.0013082
0.0006841
0.0002634
0.0000352
0.0000249
0.0002434
0.0007045
0.0014491
0.0024400
0.0037244
0.0052951
0.0071706
0.0093217
0.0117965
0.0145520
0.0176423
0.0210677
0.0247964
0.0288215
0.0332361
0.0379309
0.0429899
0.0483559
0.0540573
0.0600341
0.0661464
0.0724386
0.0789079
0.0856875
0.0926719
0.0996979
0.1068395
0.1146076
0.1225878
0.1308994
0.1393705
0.1472444
0.1549953
0.1626658
0.1697922
0.1766718
0.1832256
0.1899368
0.1961182
0.2023209
0.2074585
0.2102591
0.2195624
0.2229320
0.2281588
0.2319468
0.2328832
0.2354102
0.2359340
0.2349454
0.2354059
0.2324834
0.2283814
0.2249910
0.2195987
0.2141321
0.2089908
0.2033861
0.1977040
0.1921024
0.1864695
0.1807919
0.1754551
0.1702517
0.1651617
0.1604080
0.1559794
0.1518650
0.1485531
0.1457387
0.1433922
0.1410484
0.1389653
0.1372012
0.1358139
0.1345800
0.1334739
0.1322467
0.1311505
0.1296699
0.1282440
0.1272411
0.1264727
0.1257219
0.1228765
0.1211428
0.1197645
0.1177271
0.1161625
0.1153989
0.1139958
0.1136611
0.1126303
0.1126303
0.1119793
0.1118637
0.1122392
0.1118494
0.1122251
0.1121382
0.1123987
0.1130802
0.1139382
0.1148876
0.1158997
0.1169599
0.1180989
0.1192736
0.1204245
0.1217162
0.1229992
0.1243046
0.1256781
0.1269665
0.1283699
0.1297656
0.1310747
0.1324695
0.1338873
0.1353275
0.1366643
0.1378961
0.1391811
0.1404889
0.1416230
0.1428117
0.1438905
0.1461049
0.1482233
0.1503082
0.1525588
0.1546921
0.1567886
0.1589326
0.1610557
0.1631946
0.1651696
0.1672307
0.1693027
0.1718338
0.1738621
0.1765013
0.1789039
0.1816347
0.1846085
0.1874934
0.1905553
0.1939994
0.1973230
0.2009821
0.2046199
0.2083265
0.2128474
0.2195169
0.2262506
0.2330663
0.2402165
0.2473190
0.2545502
0.2620877
0.2697987
0.2775521
0.2854639
0.2933444
0.3015712
0.3098665
0.3183151
0.3268127
0.3354404
0.3441860
0.3528581
0.3619546
0.3709016
0.3801704
0.3893639
0.3986415
0.4080342
0.4176417
0.4294834
0.4428355
0.4563025
0.4699441
0.4838142
0.4978580
0.5116768
0.5256460
0.5397351
0.5541386
0.5686423
0.5834042
0.5981810
0.6132665
0.6283517
0.6436837
0.6589531
0.6746518
0.6902049
0.7059469
0.7218882
0.7379396
0.7540988
0.7702003
0.7863666
0.8027595
0.8219015
0.8411131
0.8608447
0.8809510
0.9003320
0.9207267
0.9410700
0.9614890
0.9822975
1.0028120
1.0238480
1.0451980
1.0665330
1.0875880
1.1094080
1.1313440
1.1532100
1.1749730
1.1976300
1.2200810
1.2422720
1.2654600
1.2884470
1.3113370
1.3348250
1.3588370
1.3859500
1.4124920
1.4397200
1.4671390
1.4947700
1.5219060
1.5500940
1.5781080
1.6060110
1.6346220
1.6635100
1.6924520
1.7209940
1.7505060
1.7799890
1.8094100
1.8394870
1.8690550
1.8997520
1.9295340
1.9602420
1.9910310
2.0221130
2.0523980
2.0837350
2.1178810
2.1532090
2.1877280
2.2236870
2.2596250
2.2953010
2.3318680
2.3679910
2.4050140
2.4412210
2.4782370
2.5157440
2.5530450
2.5901910
2.6277600
2.6642620
2.7004190
2.7362530
2.7713690
2.8083410
2.8441760
2.8809480
2.9173700
2.9504810
2.9819380
3.0130110
3.0444740
3.0738550
3.1015280
3.1273780
3.1517760
3.1747290
3.2007740
3.2294270
3.2583820
3.2829330
3.3241120
3.3501360
3.3823900
3.4139600
3.4430520
3.4699930
3.4953010
3.5190790
3.5410060
3.5618490
3.5807660
3.5985060
3.6148030
3.6297900
3.6422660
3.6548450
3.6721600
3.6844020
3.6931030
3.7043240
3.7108580
3.7094940
3.7128810
3.7121740
3.7024440
3.6968320
3.6853640
3.6663840
3.6524430
3.6319410
3.6046580
3.5813340
3.5512970
3.5147910
3.4815710
3.4434560
3.4004390
3.3602420
3.3140380
3.2633870
3.2164540
3.1682600
3.1181550
3.0684500
3.0162590
2.9634810
2.9095920
2.8561370
2.8014940
2.7473650
2.6934840
2.6396550
2.5871200
2.5343120
2.4834210
2.4334810
2.3849480
2.3377140
2.2909110
2.2452940
2.2008820
2.1556740
2.1116790
2.0678280
2.0247430
1.9820990
1.9401810
1.9016830
1.8632020
1.8252960
1.7879220
1.7509730
1.7145390
1.6783230
1.6425300
1.6070420
1.5722790
1.5373070
1.5030240
1.4689130
1.4353630
1.4020750
1.3694180
1.3366370
1.3046420
1.2727310
1.2413970
1.2100860
1.1790210
1.1485500
1.1186140
1.0887610
1.0605040
1.0343390
1.0083650
0.9825191
0.9572087
0.9320981
0.9074168
0.8828781
0.8586113
0.8345593
0.8110610
0.7876311
0.7644838
0.7420307
0.7196242
0.6976482
0.6758162
0.6542501
0.6329539
0.6123544
0.5917571
0.5716112
0.5516165
0.5320256
0.5128884
0.4940285
0.4775614
0.4620600
0.4469279
0.4322033
0.4174195
0.4027848
0.3885385
0.3746312
0.3619138
0.3496763
0.3377870
0.3263352
0.3165459
0.3075625
0.2992269
0.2897286
0.2802941
0.2712093
0.2624480
0.2536426
0.2449039
0.2359399
0.2270784
0.2185132
0.2104544
0.2030953
0.1978177
0.1918550
0.1856434
0.1792929
0.1729667
0.1664663
0.1598705
0.1531446
0.1467316
0.1403031
0.1338458
0.1277579
0.1218116
0.1159388
0.1101101
0.1043648
0.0987085
0.0931603
0.0877017
0.0824283
0.0772123
0.0720695
0.0670938
0.0621863
0.0575941
0.0540516
0.0508444
0.0477149
0.0447111
0.0418757
0.0390878
0.0364138
0.0338517
0.0315168
0.0292887
0.0271871
0.0252069
0.0233527
0.0216093
0.0199720
0.0183681
0.0168203
0.0153627
0.0139762
0.0126316
0.0113406
0.0101285
0.0089830
0.0079108
0.0069129
0.0061228
0.0055166
0.0049378
0.0043870
0.0038556
0.0033541
0.0028859
0.0024371
0.0020516
0.0016930
0.0013570
0.0010671
0.0007927
0.0005547
0.0003542
0.0002056
0.0000966
0.0000287
0.0000006
0.0000147
0.0000706
0.0001698
0.0003176
0.0005210
0.0007766
0.0010399
0.0012718
0.0015718
0.0019220
0.0023270
0.0027939
0.0032481
0.0037289
0.0042460
0.0048345
0.0054411
0.0060645
0.0067193
0.0074388
0.0082240
0.0090875
0.0100107
0.0106211
0.0111393
0.0115974
0.0119889
0.0122959
0.0125238
0.0126495
0.0126648
0.0124487
0.0118440
0.0119066
0.0119395
0.0119693
0.0119874
0.0119184
0.0118174
0.0117582
0.0116696
0.0119843
0.0122698
0.0125924
0.0127338
0.0130501
0.0132909
0.0135855
0.0138411
0.0140992
0.0143433
0.0146555
0.0148911
0.0151825
0.0154597
0.0157596
0.0162494
0.0163190
0.0164588
0.0166661
0.0167578
0.0168498
0.0169918
0.0170844
0.0171988
0.0173603
0.0175370
0.0179258
0.0184263
0.0189751
0.0198459
0.0208661
0.0216742
0.0223179
0.0233572
0.0248016
0.0264397
0.0283367
0.0304897
0.0305471
0.0316590
0.0327273
0.0330844
0.0335421
0.0340797
0.0346711
0.0353715
0.0360579
0.0367982
0.0374982
0.0381515
0.0388257
0.0394685
0.0400411
0.0405511
0.0411960
0.0418141
0.0424757
0.0431142
0.0437111
0.0443929
0.0450042
0.0455919
0.0463651
0.0470729
0.0474826
0.0485661
0.0484058
0.0485640
0.0486652
0.0487800
0.0490515
0.0491668
0.0494337
0.0496158
0.0499200
0.0500918
0.0503168
0.0504893
0.0506258
0.0506984
0.0507793
0.0509135
0.0509638
0.0510927
0.0510870
0.0514153
0.0514210
0.0515953
0.0519309
0.0520693
0.0524548
0.0522764
0.0518886
0.0516971
0.0517500
0.0516570
0.0517700
0.0520274
0.0522617
0.0526508
0.0531929
0.0536393
0.0542442
0.0549915
0.0555832
0.0563454
0.0571281
0.0580860
0.0589857
0.0599864
0.0610293
0.0621770
0.0633697
0.0645453
0.0657665
0.0671300
0.0678342
0.0682898
0.0687111
0.0692703
0.0698025
0.0704028
0.0709756
0.0716840
0.0722979
0.0730191
0.0736762
0.0744407
0.0751415
0.0759454
0.0766902
0.0774773
0.0782992
0.0790880
0.0799257
0.0807992
0.0816848
0.0824962
0.0828285
0.0830377
0.0830636
0.0822516
0.0810344
0.0796719
0.0781308
0.0768307
0.0755050
0.0741219
0.0725873
0.0712255
0.0698531
0.0684578
0.0670061
0.0659842
0.0651241
0.0641672
0.0636805
0.0632355
0.0630013
0.0631156
0.0637036
0.0644027
0.0653679
0.0667895
0.0681439
0.0697271
0.0710346
0.0722795
0.0708008
0.0706960
0.0706069
0.0705800
0.0707569
0.0711510
0.0716870
0.0723582
0.0731175
0.0740122
0.0750538
0.0761086
0.0774503
0.0786097
0.0798364
0.0812212
0.0826958
0.0841790
0.0857471
0.0872621
0.0890092
0.0906407
0.0923437
0.0936335
0.0943310
0.0951146
0.0959831
0.0968452
0.0977237
0.0985999
0.0994800
0.1004477
0.1013424
0.1024014
0.1033918
0.1043870
0.1054618
0.1065421
0.1076345
0.1086566
0.1097238
0.1107422
0.1117087
0.1128910
0.1138805
0.1150236
0.1157965
0.1166853
0.1170330
0.1164988
0.1159921
0.1155587
0.1150475
0.1145896
0.1138916
0.1133192
0.1127223
0.1120686
0.1109794
0.1098634
0.1086639
0.1073130
0.1060648
0.1047988
0.1033977
0.1019751
0.1007215
0.0994091
0.0980264
0.0968035
0.0954331
0.0941555
0.0928100
0.0911615
0.0890231
0.0868990
0.0848929
0.0827574
0.0807708
0.0787038
0.0767177
0.0750218
0.0734456
0.0718935
0.0705383
0.0692229
0.0682257
0.0672960
0.0665190
0.0660568
0.0657582
0.0655009
0.0655319
0.0652441
0.0650328
0.0630253
0.0621759
0.0613300
0.0603259
0.0589539
0.0577787
0.0568634
0.0560701
0.0554555
0.0551939
0.0546596
0.0544166
0.0543497
0.0541740
0.0543579
0.0548653
0.0551224
0.0557094
0.0564319
0.0572065
0.0580511
0.0589673
0.0598902
0.0608827
0.0618923
0.0628471
0.0639317
0.0647923
0.0654459
0.0651289
0.0645482
0.0638472
0.0629564
0.0626371
0.0623562
0.0616714
0.0611976
0.0607752
0.0603214
0.0598569
0.0593657
0.0589171
0.0583730
0.0574449
0.0568078
0.0566400
0.0565882
0.0566480
0.0566480
0.0567998
0.0565164
0.0569797
0.0576944
0.0590787
0.0598956
0.0608075
0.0594002
Standard deviation: 0.6361409
