0.0000000
0.0000000
0.0000000
0.0000000
0.0000000
0.0000001
0.0000002
0.0000004
0.0000007
0.0000009
0.0000019
0.0000028
0.0000055
0.0000067
0.0000117
0.0000142
0.0000213
0.0000239
0.0000332
0.0000378
0.0000504
0.0000556
0.0000703
0.0000773
0.0000956
0.0000956
0.0001194
0.0001182
0.0001392
0.0001457
0.0001586
0.0001572
0.0001762
0.0001691
0.0001888
0.0001829
0.0001963
0.0001925
0.0001995
0.0002033
0.0002112
0.0002119
0.0002216
0.0002274
0.0002399
0.0002433
0.0002562
0.0002606
0.0002732
0.0002651
0.0002812
0.0002669
0.0002804
0.0002606
0.0002677
0.0002537
0.0002519
0.0002441
0.1260164
0.1056795
0.0888157
0.0715362
0.0572679
0.0432114
0.0320538
0.0215941
0.0137315
0.0071115
0.0028884
0.0004040
0.0001229
0.0020501
0.0059814
0.0126037
0.0210676
0.0326830
0.0459446
0.0628338
0.0812687
0.1037532
0.1282361
0.1548152
0.1861038
0.2193476
0.2571213
0.1177775
0.0998643
0.0829768
0.0692470
0.0553000
0.0435875
0.0326232
0.0232388
0.0153795
0.0090687
0.0046775
0.0015180
0.0000784
0.0004337
0.0023880
0.0063040
0.0001362
0.0001407
0.0001472
0.0001506
0.0001567
0.0001533
0.0001642
0.0001686
0.0001742
0.0001794
0.0001920
0.0002035
0.0002090
0.0002130
0.0994352
0.0708323
0.0469872
0.0278154
0.0141717
0.0047042
0.0002933
0.0009504
0.0067631
0.0180976
0.0341528
0.0562135
0.0839300
0.1152417
0.1539287
0.1989605
0.2482261
0.3036977
0.3651887
0.4323025
0.1243915
0.1066991
0.0901809
0.0756913
0.0618899
0.0493018
0.0382620
0.0286057
0.0204991
0.0135281
0.0080012
0.0039329
0.0012451
0.0038815
0.0077468
0.0127962
0.0192750
0.0272178
0.0363404
0.0470698
0.0587409
0.0722608
0.0867468
0.1029868
0.1207450
0.5313969
0.4539829
0.3841948
0.3185229
0.2587695
0.2051806
0.1595256
0.1181813
0.0826834
0.0536086
0.0308887
0.0140688
0.0039239
0.0000258
0.0024856
0.0114105
0.0270443
0.0487174
0.0775673
0.1130727
0.1553273
0.2046726
0.0086323
0.0090177
0.0093852
0.0097174
0.0100874
0.0104318
0.3509786
0.2748432
0.2082050
0.1501601
0.1015484
0.0622433
0.0324309
0.0121731
0.0018539
0.0006774
0.0091669
0.0275474
0.0552401
0.0933122
0.1408575
0.1991596
0.2667372
0.3455892
0.4340589
0.5299476
0.6379695
0.7571301
0.8850862
0.1435191
0.1300858
0.1171035
0.1046930
0.0924200
0.0812595
0.0708815
0.0610857
0.0520570
0.0436840
0.0369537
0.0299989
0.0236443
0.0179896
0.0289611
0.0294375
0.0300238
0.0306635
0.0313299
0.0319914
0.0327007
0.0332689
0.0339922
0.0347444
0.0353896
0.0359375
0.0364594
0.0369632
0.0373214
0.0375758
0.0374178
0.0372077
0.0368151
0.0366587
0.0370155
0.0367412
0.0374485
0.0383665
0.0388130
0.0389650
0.0391262
0.0395084
0.0399240
0.0403280
0.0414603
0.0427861
0.0443188
0.0459272
0.0475739
0.0485829
0.0491039
0.0499564
0.0499818
0.0508574
0.0514263
0.0514622
0.0514622
0.0514263
0.0513389
0.0510671
0.0505969
0.0503016
0.0503626
0.0495385
0.0489550
0.0483749
0.0481708
0.0486645
0.0486645
0.0486896
0.0483152
0.0479671
0.0474866
0.0467485
0.0459822
0.0449767
0.0438114
0.0427595
0.0414110
0.0398213
0.0384845
0.0371095
0.0357296
0.0339693
0.0326497
0.0311998
0.0296030
0.0281054
0.0266853
0.0251168
0.0233008
0.0216662
0.0198124
0.0179534
0.0162552
0.0147210
0.0132446
0.0117747
0.0105141
0.0094148
0.0080639
0.0069076
0.0056842
0.0047471
0.0039940
0.0033570
0.0027836
0.0022931
0.0019429
0.0018007
0.0017406
0.0017519
0.0016797
0.0014876
0.0013072
0.0012505
0.0011724
0.0008946
0.0006902
0.0005574
0.0004531
0.0003761
0.0003317
0.0003035
0.0002829
0.0002746
0.0002719
0.0002765
0.0002921
0.0003122
0.0003409
0.0003761
0.0004121
0.0004564
0.0004995
0.0005510
0.0006049
0.0006573
0.0007046
0.0007307
0.0007604
0.0007698
0.0008080
0.0008301
0.0009123
0.0009935
0.0010179
0.0010818
0.0011293
0.0011966
0.0012617
0.0013286
0.0014015
0.0015016
0.0015727
0.0016741
0.0017997
0.0018912
0.0020073
0.0021373
0.0022866
0.0024330
0.0025863
0.0027371
0.0029535
0.0031437
0.0034044
0.0036152
0.0038732
0.0041327
0.0043977
0.0047081
0.0050211
0.0053326
0.0056739
0.0060346
0.0063974
0.0068025
0.0072104
0.0076163
0.0080618
0.0085158
0.0089929
0.0094831
0.0100022
0.0105350
0.0110865
0.0116300
0.0122467
0.0128484
0.0135093
0.0141787
0.0148533
0.0155548
0.0162812
0.0169591
0.0177021
0.0184456
0.0192045
0.0199562
0.0206897
0.0214531
0.0222472
0.0230385
0.0237667
0.0246377
0.0254267
0.0262097
0.0268782
0.0276567
0.0283356
0.0291155
0.0298198
0.0305523
0.0312176
0.0319872
0.0327458
0.0334841
0.0343021
0.0351596
0.0360578
0.0368542
0.0376153
0.0380076
0.0388787
0.0398999
0.0408473
0.0417038
0.0424571
0.0434106
0.0442029
0.0451179
0.0460519
0.0470103
0.0479884
0.0490018
0.0500257
0.0510858
0.0521933
0.0530987
0.0540484
0.0550065
0.0560266
0.0569911
0.0580403
0.0591156
0.0601841
0.0612903
0.0624348
0.0637557
0.0653568
0.0668195
0.0685296
0.0707427
0.0724837
0.0748027
0.0774797
0.0798767
0.0825576
0.0857533
0.0887935
0.0920378
0.0956134
0.0991502
0.1026080
0.1060716
0.1095774
0.1133233
0.1172254
0.1210988
0.1251315
0.1292302
0.1332955
0.1375248
0.1419651
0.1463718
0.1508020
0.1554501
0.1600147
0.1648016
0.1695469
0.1744733
0.1795180
0.1844892
0.1897249
0.1948843
0.2002347
0.2057389
0.2112353
0.2162895
0.2213054
0.2261422
0.2312704
0.2370410
0.2428039
0.2479249
0.2541730
0.2600819
0.2674992
0.2743908
0.2819483
0.2901439
0.2982987
0.3070287
0.3164341
0.3256434
0.3354202
0.3462189
0.3568244
0.3677838
0.3797586
0.3914436
0.4043140
0.4178173
0.4271258
0.4367540
0.4465227
0.4561063
0.4614708
0.4659356
0.4695976
0.4716979
0.4724132
0.4712128
0.4741783
0.4787039
0.4826826
0.4934106
0.4978346
0.5002686
0.5060801
0.5088878
0.5109944
0.5124395
0.5130253
0.5140823
0.5142778
0.5147490
0.5147490
0.5138131
0.5124449
0.5095560
0.5071796
0.5050810
0.5019829
0.4991237
0.4952343
0.4929690
0.4894491
0.4869296
0.4830881
0.4788481
0.4745507
0.4688123
0.4636661
0.4578095
0.4504496
0.4443134
0.4376777
0.4304820
0.4236292
0.4161648
0.4093235
0.4006696
0.3918170
0.3806216
0.3698867
0.3596003
0.3494589
0.3400352
0.3310232
0.3232484
0.3152290
0.3077337
0.3001198
0.2967794
0.2950271
0.2942863
0.2946419
0.2948495
0.2933985
0.2895081
0.2813421
0.2756665
0.2717536
0.2684341
0.2658381
0.2639277
0.2626672
0.2613835
0.2596279
0.2580720
0.2571023
0.2566323
0.2564391
0.2566323
0.2569639
0.2576845
0.2584881
0.2595441
0.2607971
0.2623612
0.2639013
0.2657272
0.2675883
0.2695686
0.2717275
0.2739519
0.2762424
0.2786292
0.2811134
0.2836367
0.2862891
0.2890122
0.2915808
0.2926442
0.2937679
0.2950107
0.2961389
0.2974494
0.2986411
0.3000751
0.3013036
0.3027440
0.3041284
0.3056350
0.3071772
0.3087233
0.3103654
0.3120075
0.3137186
0.3152810
0.3171546
0.3189730
0.3207029
0.3225926
0.3243323
0.3262611
0.3284180
0.3303302
0.3310358
0.3314452
0.3320736
0.3327025
0.3332087
0.3339345
0.3345653
0.3352307
0.3360207
0.3366876
0.3374794
0.3383342
0.3391622
0.3401502
0.3409460
0.3419367
0.3429914
0.3438877
0.3449801
0.3458790
0.3470027
0.3482609
0.3493253
0.3504895
0.3516556
0.3522027
0.3524632
0.3526251
0.3528858
0.3532729
0.3534350
0.3537949
0.3539571
0.3543448
0.3540203
0.3533718
0.3523014
0.3511341
0.3498074
0.3481261
0.3449438
0.3411309
0.3366444
0.3316207
0.3266690
0.3219958
0.3170231
0.3135880
0.3108978
0.3091022
0.3059620
0.3024629
0.2989260
0.2965384
0.2942752
0.2923237
0.2900196
0.2879035
0.2858842
0.2835493
0.2813124
0.2792843
0.2775268
0.2758304
0.2742501
0.2720820
0.2700009
0.2676772
0.2653322
0.2631685
0.2612380
0.2593686
0.2574521
0.2548772
0.2527261
0.2514925
0.2488423
0.2459055
0.2433068
0.2400540
0.2364471
0.2331601
0.2294539
0.2252518
0.2212454
0.2168165
0.2120559
0.2072722
0.2022228
0.1974778
0.1925036
0.1876386
0.1827645
0.1784404
0.1745790
0.1710105
0.1675903
0.1644932
0.1609629
0.1579699
0.1552121
0.1514579
0.1477332
0.1442616
0.1413894
0.1395221
0.1379936
0.1370388
0.1364117
0.1346391
0.1325960
0.1311285
0.1286614
0.1261210
0.1239740
0.1218821
0.1198080
0.1175649
0.1152295
0.1121307
0.1095243
0.1071673
0.1048839
0.1025578
0.0997547
0.0967404
0.0936658
0.0910195
0.0882990
0.0856994
0.0828552
0.0804326
0.0781806
0.0758566
0.0737610
0.0719584
0.0700339
0.0684201
0.0668250
0.0652488
0.0637759
0.0624296
0.0610149
0.0597239
0.0584720
0.0572632
0.0562061
0.0550557
0.0540727
0.0531083
0.0521048
0.0514568
0.0509121
0.0503703
0.0498452
0.0493697
0.0488594
0.0482920
0.0476818
0.0471442
0.0465774
0.0459292
0.0452407
0.0444999
0.0437175
0.0428291
0.0419068
0.0407830
0.0395660
0.0381097
0.0360975
0.0338660
0.0317166
0.0295440
0.0273656
0.0251673
0.0239098
0.0231136
0.0227079
0.0222403
0.0218827
0.0215036
0.0212248
0.0210179
0.0209390
0.0209302
0.0210421
0.0209785
0.0205921
0.0201469
0.0196387
0.0190825
0.0183267
0.0175140
0.0167412
0.0159381
0.0151938
0.0143965
0.0136772
0.0131703
0.0126235
0.0120865
0.0115744
0.0110749
0.0105850
0.0100908
0.0095862
0.0091423
0.0087132
0.0083150
0.0079356
0.0075033
0.0070742
0.0066170
0.0062491
0.0058870
0.0055482
0.0052347
0.0049155
0.0046661
0.0045991
0.0043470
0.0041262
0.0038396
0.0034860
0.0031981
0.0029090
0.0025800
0.0023207
0.0020299
0.0016932
0.0014135
0.0011223
0.0008325
0.0005847
0.0003657
0.0001786
0.0000611
0.0000026
0.0000275
0.0001361
0.0003452
0.0006767
0.0010931
0.0016443
0.0023390
0.0031558
0.0040985
0.0052112
0.0064621
0.0078759
0.0094079
0.0109387
0.0126582
0.0144774
0.0164112
0.0185258
0.0207531
0.0231230
0.0256211
0.0283210
0.0311646
0.0341858
0.0372940
0.0405923
0.0440406
0.0475593
0.0513368
0.0549385
0.0587803
0.0626983
0.0664887
0.0703024
0.0740449
0.0781727
0.0823510
0.0863660
0.0901349
0.0937953
0.0975105
0.1006384
0.1035176
0.1059927
0.1082441
0.1098851
0.1111383
0.1119224
0.1124347
0.1132790
0.1145684
0.1156061
0.1159042
0.1192551
0.1208824
0.1230188
0.1251536
0.1269765
0.1287147
0.1303454
0.1320072
0.1334198
0.1349797
0.1352841
0.1354244
0.1354849
0.1353240
0.1351438
0.1348225
0.1344219
0.1341219
0.1336225
0.1329250
0.1321302
0.1314759
0.1305665
0.1293857
0.1284447
0.1274684
0.1263988
0.1253720
0.1246001
0.1239648
0.1235229
0.1236385
0.1240609
0.1247731
0.1255071
0.1258374
0.1260117
0.1262444
0.1266326
0.1271187
0.1281915
0.1296027
0.1304491
0.1305872
0.1305083
0.1302914
0.1301929
0.1296027
0.1289157
0.1279375
0.1269631
0.1257599
0.1244662
0.1229301
0.1215940
0.1201704
0.1189812
0.1177041
0.1168255
0.1167695
0.1167181
0.1164385
0.1161219
0.1153790
0.1148788
0.1146567
0.1150084
0.1140846
0.1139925
0.1134033
0.1133664
0.1139003
0.1143984
0.1151565
0.1167181
0.1178398
0.1195889
0.1220751
0.1241822
0.1266375
0.1299026
0.1327712
0.1362147
0.1397433
0.1436475
0.1472152
0.1504160
0.1537377
0.1573557
0.1609717
0.1647841
0.1688655
0.1729967
0.1772464
0.1815946
0.1860181
0.1906873
0.1953401
0.2001970
0.2050136
0.2099885
0.2149720
0.2200139
0.2252686
0.2304292
0.2359132
0.2412477
0.2467227
0.2522037
0.2575797
0.2628186
0.2670358
0.2714863
0.2756289
0.2799742
0.2842399
0.2886249
0.2932788
0.2976443
0.3020092
0.3063776
0.3106537
0.3145961
0.3191457
0.3232625
0.3275619
0.3317324
0.3358355
0.3402821
0.3443725
0.3485829
0.3526569
0.3570500
0.3610757
0.3652580
0.3689438
0.3718027
0.3744070
0.3768152
0.3795055
0.3820677
0.3845695
0.3871177
0.3894968
0.3921310
0.3943928
0.3968329
0.3991397
0.4015944
0.4036075
0.4061787
0.4081321
0.4105109
0.4125067
0.4147226
0.4169047
0.4190602
0.4210767
0.4230655
0.4251316
0.4268717
0.4276575
0.4284441
0.4291260
0.4301660
0.4312395
0.4318502
0.4328935
0.4339703
0.4349424
0.4355234
0.4365711
0.4376525
0.4385222
0.4388093
0.4400418
0.4409139
0.4420007
0.4424376
0.4434610
0.4439312
0.4447326
0.4449144
0.4456840
0.4464123
0.4466863
0.4457333
0.4455194
0.4444928
0.4443112
0.4439480
0.4428595
0.4428595
0.4422729
0.4423476
0.4420917
0.4422729
0.4433288
0.4437665
0.4448242
0.4459902
0.4474150
0.4497231
0.4512292
0.4535471
0.4559467
0.4582767
0.4606451
0.4630634
0.4657067
0.4685015
0.4699295
0.4716884
0.4733860
0.4753068
0.4769655
0.4789715
0.4806821
0.4826176
0.4846681
0.4865002
0.4887165
0.4906681
0.4926696
0.4946621
0.4964336
0.4983674
0.5004178
0.5023127
0.5042745
0.5061601
0.5080323
0.5101998
0.5128593
0.5154279
0.5182632
0.5204988
0.5223975
0.5247925
0.5271762
0.5296811
0.5322744
0.5348741
0.5378623
0.5405926
0.5435797
0.5464915
0.5496299
0.5528614
0.5560851
0.5591492
0.5626974
0.5660520
0.5691607
0.5726375
0.5762281
0.5799512
0.5834607
0.5873979
0.5910345
0.5958095
0.5982441
0.6009999
0.6036388
0.6062128
0.6085624
0.6113418
0.6138079
0.6167773
0.6190760
0.6216648
0.6241515
0.6267331
0.6292479
0.6319660
0.6344733
0.6368770
0.6394121
0.6418251
0.6442427
0.6465737
0.6489089
0.6513215
0.6535552
0.6557010
0.6579239
0.6584328
0.6591690
0.6599056
0.6605321
0.6610845
0.6616011
0.6621358
0.6628921
0.6636488
0.6643698
0.6657745
0.6675885
0.6690896
0.6713352
0.6741425
0.6760796
0.6788785
0.6817954
0.6846060
0.6876478
0.6909039
0.6942993
0.6977796
0.7011919
0.7047844
0.7068609
0.7091691
0.7114811
0.7135674
0.7162312
0.7186698
0.7207666
0.7234254
0.7257605
0.7270939
0.7278677
0.7283126
0.7294349
0.7305580
0.7307717
0.7288736
0.7259734
0.7216523
0.7164428
0.7143523
0.7154454
0.7171142
0.7187849
0.7168842
0.7144541
0.7123664
0.7116974
0.7114685
0.7113720
0.7116974
0.7134762
0.7137842
0.7143394
0.7152212
0.7140134
0.7124630
0.7103782
0.7053416
0.6990320
0.6942443
0.6897933
0.6888323
0.6897933
0.6913189
0.6933578
0.6984650
0.7020696
0.7051137
0.7084107
0.7121645
0.7130274
0.7102912
0.7067007
0.7015637
0.6955928
0.6887034
0.6814784
0.6760394
0.6736919
0.6718869
0.6707162
0.6669890
0.6623465
0.6614811
0.6616083
0.6615914
0.6620325
0.6624399
0.6631955
0.6657289
0.6691200
0.6731527
0.6789151
0.6849265
0.6915647
0.6937174
0.6954386
0.6935087
0.6912438
0.6878139
0.6841685
0.6786071
0.6770183
0.6759545
0.6744634
0.6730683
0.6718968
0.6707428
0.6697947
0.6688309
0.6671429
0.6654571
0.6638673
0.6616678
0.6605061
0.6594554
0.6586089
0.6591421
0.6600825
0.6597689
0.6577208
0.6567660
0.6558279
0.6547969
0.6533294
0.6529241
0.6523938
0.6535481
0.6547969
0.6521912
0.6519887
0.6527056
0.6521912
0.6531267
0.6549999
0.6558439
0.6581436
0.6604474
0.6632738
0.6662166
0.6693871
0.6727708
0.6764643
0.6805027
0.6843455
0.6866592
0.6886917
0.6908079
0.6930556
0.6951944
0.6974492
0.6991749
0.6998206
0.7004666
0.7018566
0.7033613
0.7049809
0.7089893
0.7141833
0.7195107
0.7238885
0.7285928
0.7316605
0.7360587
0.7399384
0.7449111
0.7492486
0.7532635
0.7579446
0.7623031
0.7659616
0.7689887
0.7723609
0.7756380
0.7793655
0.7827604
0.7866246
0.7902584
0.7941410
0.7977922
0.8021430
0.8060546
0.8095071
0.8137847
0.8176026
0.8215349
0.8255992
0.8296734
0.8336515
0.8377456
0.8413888
0.8456258
0.8492692
0.8534184
0.8570784
0.8581922
0.8581922
0.8583167
0.8581922
0.8583006
0.8579593
0.8579593
0.8577104
0.8577104
0.8573531
0.8571364
0.8565466
0.8564222
0.8559408
0.8555840
0.8553675
0.8549947
0.8545297
0.8540650
0.8536004
0.8527796
0.8524233
0.8516030
0.8512471
0.8503194
0.8455786
0.8397896
0.8342214
0.8281208
0.8223776
0.8169884
0.8115250
0.8053738
0.8002941
0.7952022
0.7899170
0.7849908
0.7801701
0.7754960
0.7707046
0.7664995
0.7623059
0.7578909
0.7539394
0.7504341
0.7465903
0.7432174
0.7401701
0.7372301
0.7348420
0.7286561
0.7235221
0.7181930
0.7140341
0.7118092
0.7088276
0.7051308
0.7019646
0.6984961
0.6949252
0.6940985
0.6926317
0.6923115
0.6920899
0.6913756
0.6899117
0.6892726
0.6883388
0.6879213
0.6875161
0.6871849
0.6867799
0.6867799
0.6865713
0.6864610
0.6839055
0.6816299
0.6790413
0.6769809
0.6743035
0.6718376
0.6691705
0.6665086
0.6638520
0.6611896
0.6584471
0.6557956
0.6529683
0.6506377
0.6486208
0.6461913
0.6441813
0.6421744
0.6403720
0.6382651
0.6366580
0.6345571
0.6327654
0.6306710
0.6287906
0.6248702
0.6210245
0.6169931
0.6134519
0.6095484
0.6056574
0.6017687
0.5978004
0.5940390
0.5900963
0.5863593
0.5826342
0.5788202
0.5749284
0.5710497
0.5668151
0.5629542
0.5590270
0.5551136
0.5510271
0.5471322
0.5430753
0.5390335
0.5348228
0.5309036
0.5255529
0.5202385
0.5149330
0.5093226
0.5041669
0.4987755
0.4934130
0.4880049
0.4830503
0.4781123
0.4728710
0.4681575
0.4631424
0.4586480
0.4539256
0.4492361
0.4448183
0.4404223
0.4361187
0.4315223
0.4277559
0.4236866
0.4199627
0.4161701
0.4125642
0.4082969
0.4044892
0.3999874
0.3959776
0.3920705
0.3880931
0.3842252
0.3804504
0.3766134
0.3729568
0.3693106
0.3653931
0.3617768
0.3581859
0.3546913
0.3509232
0.3475348
0.3438679
0.3402277
0.3366067
0.3332193
0.3299108
0.3269815
0.3237180
0.3209588
0.3175924
0.3143024
0.3111696
0.3084712
0.3057118
0.3031031
0.3009126
0.2984619
0.2962882
0.2941939
0.2919712
0.2898922
0.2882126
0.2866147
0.2854816
0.2838211
0.2824326
0.2810475
0.2799255
0.2787424
0.2777574
0.2769694
0.2759876
0.2753340
0.2749447
0.2737633
0.2727246
0.2717503
0.2708462
0.2702670
0.2695520
0.2687818
0.2682610
0.2676846
0.2673627
0.2668492
0.2665896
0.2663361
0.2659532
0.2657559
0.2653116
0.2650588
0.2648001
0.2644799
0.2644182
0.2642215
0.2639692
0.2635820
0.2634589
0.2631396
0.2625647
0.2615474
0.2606604
0.2597080
0.2588241
0.2578750
0.2568669
0.2559271
0.2549228
0.2539205
0.2529201
0.2518559
0.2507995
0.2496854
0.2485682
0.2474535
0.2462817
0.2451127
0.2440058
0.2429660
0.2419875
0.2402771
0.2395499
0.2381572
0.2374277
0.2355244
0.2341383
0.2325823
0.2310315
0.2300198
0.2285299
0.2275861
0.2268782
0.2256941
0.2251083
0.2243992
0.2238151
0.2232834
0.2227008
0.2222939
0.2221138
0.2218823
0.2215893
0.2215893
0.2213580
0.2214145
0.2213580
0.2215943
0.2216458
0.2218257
0.2222674
0.2220924
0.2219741
0.2217426
0.2216244
0.2215678
0.2216811
0.2216244
0.2217992
0.2217992
0.2218559
0.2219741
0.2219175
0.2220357
0.2221491
0.2225608
0.2225608
0.2227928
0.2231434
0.2234943
0.2238454
0.2239073
0.2242588
0.2244346
0.2246675
0.2244166
0.2242408
0.2238893
0.2237706
0.2233626
0.2230686
0.2227181
0.2224294
0.2221360
0.2218429
0.2214933
0.2212006
0.2209129
0.2206205
0.2207384
0.2205075
0.2205027
0.2210260
0.2211440
0.2216681
0.2224246
0.2230118
0.2239462
0.2249445
0.2259402
0.2267563
0.2277033
0.2287052
0.2298342
0.2309565
0.2324489
0.2338879
0.2352633
0.2368819
0.2385158
0.2402046
0.2419091
0.2436792
0.2454507
0.2473583
0.2490830
0.2509997
0.2530499
0.2550426
0.2572364
0.2598844
0.2621554
0.2647615
0.2672507
0.2700071
0.2721882
0.2745174
0.2769835
0.2792694
0.2817566
0.2843191
0.2869682
0.2894842
0.2921519
0.2948318
0.2977265
0.3003658
0.3030778
0.3059459
0.3086159
0.3116501
0.3144124
0.3172656
0.3201263
0.3229313
0.3258862
0.3285781
0.3314199
0.3344132
0.3371401
0.3387722
0.3402863
0.3417985
0.3433194
0.3448383
0.3462949
0.3477438
0.3492011
0.3506615
0.3525656
0.3541820
0.3559462
0.3575704
0.3594931
0.3611979
0.3632031
0.3652139
0.3671571
0.3690999
0.3712740
0.3734655
0.3757264
0.3778513
0.3805144
0.3825668
0.3832733
0.3840378
0.3847980
0.3858747
0.3872488
0.3884797
0.3898585
0.3917091
0.3932556
0.3949571
0.3967385
0.3986003
0.4005430
0.4025008
0.4044581
0.4065745
0.4087737
0.4109013
0.4131175
0.4152616
0.4174060
0.4197180
0.4221096
0.4243557
0.4267023
0.4272614
0.4279049
0.4286331
0.4291141
0.4298384
0.4305634
0.4310552
0.4320201
0.4333148
0.4342822
0.4354253
0.4368052
0.4381021
0.4395666
0.4407921
0.4421853
0.4435759
0.4451303
0.4466064
0.4480088
0.4495759
0.4512221
0.4525453
0.4542069
0.4557093
0.4558731
0.4559596
0.4562100
0.4566244
0.4567930
0.4569523
0.4572850
0.4574537
0.4578732
0.4582016
0.4586990
0.4589502
0.4592014
0.4597862
0.4601976
0.4607831
0.4614513
0.4619505
0.4627067
0.4637067
0.4645424
0.4654617
0.4669712
0.4681511
0.4694219
0.4697590
0.4700130
0.4704336
0.4714422
0.4726231
0.4742277
0.4760864
0.4777851
0.4799916
0.4825448
0.4848467
0.4877606
0.4906746
0.4936016
0.4967984
0.5001773
0.5037444
0.5073197
0.5113463
0.5155675
0.5198938
0.5242380
0.5287815
0.5334287
0.5376670
0.5408158
0.5443366
0.5475990
0.5508711
0.5542393
0.5575312
0.5611059
0.5646007
0.5682939
0.5718067
0.5753347
0.5788777
0.5822376
0.5857975
0.5892749
0.5927627
0.5963546
0.5998589
0.6030945
0.6065239
0.6100622
0.6136109
0.6170743
0.6203516
0.6231758
0.6246291
0.6261764
0.6276292
0.6293812
0.6312243
0.6322959
0.6341473
0.6357103
0.6373684
0.6385464
0.6401109
0.6413848
0.6427616
0.6441360
0.6456094
0.6465914
0.6478758
0.6492556
0.6503424
0.6512297
0.6525148
0.6536043
0.6550927
0.6563815
0.6570169
0.6567173
0.6562205
0.6557239
0.6551290
0.6547313
0.6544358
0.6540383
0.6538449
0.6539398
0.6535460
0.6530504
0.6532508
0.6539398
0.6543372
0.6563191
0.6593983
0.6636779
0.6673709
0.6713770
0.6783108
0.6856907
0.6924989
0.7006686
0.7097176
0.7179175
0.7252946
0.7305081
0.7348000
0.7355345
0.7345912
0.7306154
0.7272707
0.7225865
0.7169855
0.7129518
0.7092404
0.7113004
0.7165697
0.7168792
0.7160541
0.7154325
0.7130578
0.7101673
0.7060505
0.7008169
0.6949962
0.6891968
0.6827168
0.6760640
0.6684773
0.6599124
0.6513019
0.6442199
0.6370815
0.6303678
0.6240771
0.6189710
0.6135969
0.6072957
0.6011193
0.5950707
0.5883021
0.5821325
0.5751607
0.5691503
0.5628970
0.5577749
0.5531317
0.5481424
0.5432677
0.5400286
0.5375162
0.5361740
0.5402996
0.5445145
0.5469510
0.5509328
0.5504785
0.5401061
0.5461361
0.5459558
0.5508422
0.5542930
0.5570244
0.5612254
0.5653520
0.5688463
0.5715209
0.5699525
0.5660861
0.5590308
0.5573886
0.5554743
0.5598537
0.5651670
0.5697667
0.5751283
0.5802346
0.5861104
0.5922051
0.5974680
0.6030486
0.6082755
0.6140986
0.6206223
0.6286321
0.6375700
0.6486334
0.6626731
0.6774646
0.6928268
0.7004709
0.7038479
0.7122720
0.7219913
0.7324041
0.7427851
0.7527109
0.7563163
0.7571656
0.7557857
0.7586542
0.7616335
0.7634475
0.7668648
0.7698084
0.7705583
0.7738837
0.7771086
0.7806637
0.7848759
0.7880151
0.7885572
0.7894246
0.7889906
0.7882320
0.7868236
0.7920296
0.7927904
0.7913778
0.7915953
0.7896416
0.7847678
0.7828223
0.7778620
0.7735614
0.7655301
0.7598799
0.7538265
0.7467422
0.7408466
0.7312582
0.7209593
0.7107315
0.7030326
0.6958855
0.6887740
0.6825064
0.6797867
0.6776733
0.6766689
0.6768707
0.6755650
0.6734582
0.6759654
0.6808931
0.6790816
0.6730576
0.6733589
0.6735583
0.6779747
0.6841215
0.6887750
0.6957847
0.7046728
0.7143393
0.7226561
0.7271299
0.7297391
0.7310963
0.7316176
0.7306793
0.7283781
0.7280685
0.7295282
0.7305726
0.7307810
0.7306768
0.7299474
0.7322435
0.7352799
0.7384274
0.7441088
0.7510846
0.7591548
0.7683445
0.7779067
0.7865545
0.7965581
0.8099213
0.8223950
0.8311775
0.8362029
0.8397853
0.8443946
0.8491244
0.8491244
0.8508161
0.8534175
0.8555638
0.8571537
0.8589705
0.8614670
0.8640803
0.8662485
0.8676128
0.8682932
0.8697813
0.8709211
0.8726388
0.8741219
0.8807739
0.8833062
0.8873364
0.8925341
0.8964701
0.9011122
0.8989645
0.9008307
0.9030401
0.9011822
0.8990851
0.8968753
0.8966451
0.8966398
0.8966504
0.8951334
0.8925840
0.8902728
0.8877249
0.8872616
0.8865747
0.8876104
0.8892303
0.8917696
0.8894649
0.8900381
0.8906222
0.8914253
0.8923596
0.8930487
0.8943233
0.8960643
0.8962937
0.8950117
0.8943167
0.8937305
0.8937244
0.8936220
0.8940871
0.8948969
0.8951327
0.8961726
0.8969894
0.8982667
0.8993084
0.9007087
0.9022254
0.9036279
0.9053842
0.9072454
0.9088832
0.9109921
0.9129812
0.9153333
0.9179209
0.9205060
0.9232239
0.9252985
0.9255387
0.9254150
0.9257718
0.9257718
0.9262454
0.9273167
0.9277834
0.9287388
0.9305125
0.9307535
0.9308704
0.9309873
0.9309946
0.9309873
0.9289723
0.9260122
0.9266024
0.9268357
0.9277906
0.9284981
0.9306294
0.9333628
0.9364518
0.9427775
0.9419397
0.9440643
0.9446681
0.9464643
0.9503058
0.9533122
0.9576490
0.9628343
0.9675495
0.9736294
0.9810538
0.9872960
0.9941609
1.0021550
1.0103200
1.0189980
1.0278610
1.0369910
1.0466830
1.0571650
1.0679670
1.0792000
1.0916550
1.1050800
1.1195090
1.1338940
1.1466340
1.1596200
1.1710720
1.1827310
1.2001140
1.2120390
1.2266230
1.2414280
1.2574450
1.2734080
1.2908840
1.3077680
1.3257560
1.3445870
1.3647000
1.3852570
1.4080160
1.4302160
1.4527470
1.4805530
1.5060480
1.5337380
1.5677150
1.5983090
1.6317220
1.6708680
1.7038310
1.7381210
1.7763760
1.8138710
1.8542840
1.8961790
1.9376620
1.9811610
2.0274570
2.0742880
2.1227200
2.1739000
2.2279210
2.2822110
2.3386730
2.3996630
2.4599120
2.5220700
2.5881670
2.6531080
2.7219490
2.7930970
2.8645340
2.9387820
3.0159320
3.0894730
3.1611040
3.2353640
3.3111610
3.3885410
3.4658780
3.5449910
3.6269110
3.7083140
3.7918560
3.8763510
3.9619920
4.0485690
4.1350830
4.2217260
4.3087930
4.3951440
4.4736640
4.5492010
4.6144090
4.6746720
4.7301960
4.7673140
4.8018250
4.8586750
4.9184130
4.9653600
4.9979570
5.0080550
5.0332720
5.0436440
5.0595960
5.0604600
5.0382940
5.0243050
5.0058040
4.9918310
4.9748060
4.9511790
4.9222900
4.8810740
4.8284750
4.7721380
4.7217420
4.6835540
4.6541150
4.6310060
4.6180520
4.6132440
4.5990350
4.5747050
4.5437760
4.4845880
4.4133630
4.3377440
4.2607290
4.1884650
4.1135150
4.0478160
3.9721340
3.9100660
3.8460740
3.7906210
3.7355430
3.6840470
3.6211820
3.5697570
3.5026960
3.4362960
3.3746660
3.3206840
3.2776070
3.2406720
3.1965060
3.1541950
3.1135220
3.0751360
3.0334070
2.9933180
2.9476740
2.9021260
2.8568800
2.8122650
2.7667460
2.7211580
2.6773760
2.6362590
2.5931690
2.5512370
2.5158920
2.4793930
2.4388130
2.4128740
2.3761040
2.3487770
2.3192370
2.2901340
2.2645740
2.2367920
2.2111350
2.1860900
2.1615360
2.1376370
2.1142590
2.0913520
2.0682850
2.0402630
2.0129320
1.9858560
1.9592680
1.9328600
1.9070010
1.8816610
1.8568570
1.8319900
1.8078320
1.7836540
1.7600180
1.7368490
1.7146680
1.6929560
1.6715130
1.6517140
1.6312200
1.6119600
1.5954190
1.5774890
1.5612720
1.5468700
1.5307920
1.5169850
1.5038790
1.4866740
1.4697500
1.4538320
1.4380430
1.4231980
1.4110610
1.3972670
1.3849250
1.3753300
1.3662200
1.3574120
1.3520640
1.3456740
1.3413990
1.3388950
1.3353660
1.3349200
1.3368180
1.3368180
1.3381570
1.3415340
1.3448000
1.3495290
1.3562410
1.3620480
1.3703770
1.3825010
1.3893170
1.3981130
1.4156040
1.4275700
1.4429470
1.4618120
1.4820910
1.5048530
1.5320620
1.5571290
1.5861410
1.6207490
1.6514610
1.6873210
1.7262540
1.7633750
1.8043890
1.8484720
1.8932980
1.9407330
1.9900880
2.0422410
2.0947050
2.1491090
2.2059860
2.2637990
2.3187570
2.3761900
2.4369460
2.4976140
2.5609440
2.6291950
2.6956180
2.7660790
2.8348490
2.9038050
2.9726570
3.0412750
3.1024410
3.1607130
3.2191130
3.2686880
3.3136860
3.3542520
3.3998690
3.4474420
3.5282990
3.5943760
3.6351860
3.6835930
3.7238990
3.7521110
3.7770240
3.7888910
3.7881400
3.7941910
3.7927290
3.7780380
3.7646500
3.7485200
3.7243690
3.7036070
3.6813820
3.6564910
3.6245130
3.5894940
3.5516570
3.5108740
3.4669460
3.4072010
3.3427490
3.2762500
3.2149250
3.1532520
3.0921770
3.0240410
2.9539390
2.8907910
2.8327820
2.7789740
2.7271760
2.6747550
2.6243830
2.5878940
2.5608320
2.5353910
2.5098970
2.4522290
2.4118890
2.3775420
2.3382050
2.3029790
2.2756760
2.2448630
2.2210150
2.2019990
2.1926590
2.1858830
2.1820620
2.1813240
2.1824630
2.1878600
2.1946060
2.2037490
2.2155780
2.2311620
2.2483340
2.2601770
2.2760520
2.2969610
2.3149640
2.3366390
2.3624900
2.3858220
2.4131400
2.4383830
2.4649310
2.4881540
2.5078950
2.5252280
2.5395490
2.5517010
2.5594550
2.5639550
2.5742730
2.5845760
2.5975290
2.6102580
2.6194590
2.6429180
2.6555360
2.6624490
2.6736300
2.6829050
2.6707330
2.6626980
2.6520890
2.6406560
2.6240640
2.6010840
2.5746030
2.5561180
2.5309130
2.5041460
2.4763100
2.4481280
2.4197960
2.3900800
2.3594390
2.3289230
2.2982280
2.2675320
2.2368020
2.2065210
2.1760430
2.1457780
2.1155610
2.0857210
2.0566790
2.0276800
2.0014830
1.9717580
1.9430940
1.9152050
1.8884210
1.8629070
1.8408960
1.8208220
1.8004580
1.7805730
1.7691460
1.7533050
1.7372100
1.7234490
1.7090950
1.6801490
1.6607980
1.6435600
1.6286410
1.6169100
1.6044990
1.5975830
1.5948580
1.5875880
1.5860730
1.5874480
1.5867600
1.5897010
1.5892180
1.5883910
1.5875310
1.5888740
1.5902170
1.5921110
1.5931440
1.5938660
1.5946610
1.5962450
1.5972470
1.5979370
1.5963850
1.5933490
1.5941440
1.5933160
1.5927670
1.5915940
1.5893900
1.5870160
1.5881860
1.5887350
1.5902500
1.5923160
1.5977640
1.6039130
1.6093390
1.6048410
1.6065010
1.6058440
1.6060510
1.6094780
1.6108630
1.6143640
1.6193270
1.6228030
1.6275000
1.6325880
1.6386630
1.6434530
1.6498980
1.6546340
1.6601160
1.6653260
1.6717070
1.6768640
1.6823120
1.6875910
1.6929500
1.6982810
1.7027660
1.7079340
1.7110920
1.7104160
1.7098800
1.7088100
1.7077030
1.7062770
1.7041390
1.7017490
1.6985470
1.6960580
1.6931050
1.6906210
1.6879230
1.6818280
1.6771930
1.6724920
1.6673410
1.6598760
1.6511640
1.6439470
1.6361120
1.6324860
1.6297990
1.6275350
1.6280570
1.6291390
1.6305600
1.6307720
1.6335590
1.6378960
1.6282590
1.6259980
1.6252650
1.6228930
1.6195940
1.6163590
1.6154550
1.6122620
1.6082440
1.6034670
1.5962450
1.5876660
1.5814720
1.5751940
1.5689640
1.5623690
1.5531280
1.5449680
1.5373360
1.5294220
1.5215290
1.5135840
1.5063030
1.4975270
1.4918440
1.4874450
1.4858760
1.4848430
1.4838470
1.4853780
1.4877410
1.4876120
1.4877780
1.4873720
1.4869100
1.4785210
1.4744370
1.4730400
1.4729110
1.4715150
1.4686330
1.4667440
1.4608270
1.4575530
1.4584120
1.4581560
1.4536980
1.4488640
1.4413140
1.4336340
1.4257590
1.4142470
1.4008460
1.3862770
1.3698710
1.3520660
1.3337120
1.3198460
1.3082320
1.2971210
1.2849750
1.2750390
1.2686520
1.2599680
1.2514160
1.2426250
1.2346200
1.2273620
1.2212810
1.2148800
1.2091290
1.2051850
1.2036230
1.2036910
1.2056520
1.2028600
1.2004850
1.1940260
1.1866710
1.1764310
1.1653190
1.1509120
1.1364150
1.1221110
1.1095170
1.0938610
1.0770560
1.0635950
1.0501760
1.0381220
1.0249070
1.0114720
1.0029310
0.9911208
0.9799500
0.9687086
0.9581670
0.9480708
0.9375106
0.9269090
0.9144653
0.9028705
0.8923088
0.8824478
0.8724548
0.8625112
0.8532523
0.8442346
0.8352281
0.8274772
0.8224000
0.8185318
0.8141243
0.8101245
0.8076001
0.8059552
0.8044052
0.8000931
0.7897972
0.7799492
0.7729026
0.7660069
0.7576378
0.7485259
0.7389119
0.7280176
0.7188280
0.7097784
0.7006510
0.6911576
0.6815313
0.6720573
0.6630604
0.6541557
0.6454723
0.6375803
0.6289514
0.6204120
0.6120373
0.6040864
0.5962124
0.5889661
0.5825638
0.5761667
0.5702936
0.5612763
0.5536393
0.5465041
0.5387692
0.5319290
0.5251091
0.5176419
0.5102351
0.5031245
0.4960637
0.4893834
0.4827030
0.4761361
0.4697779
0.4632776
0.4571421
0.4509817
0.4449067
0.4389196
0.4327694
0.4269961
0.4211735
0.4153909
0.4087830
0.4032381
0.3975803
0.3915817
0.3861754
0.3808067
0.3754755
0.3698515
0.3637780
0.3570082
0.3521691
0.3468638
0.3416179
0.3360401
0.3307021
0.3256765
0.3205569
0.3154963
0.3105698
0.3056821
0.3008511
0.2962446
0.2915270
0.2870103
0.2825288
0.2781171
0.2738822
0.2696823
0.2656523
0.2617916
0.2578046
0.2541713
0.2506507
0.2470847
0.2435674
0.2403690
0.2369934
0.2336439
0.2304779
0.2274160
0.2243746
0.2216070
0.2189858
0.2161582
0.2136777
0.2111491
0.2085886
0.2064604
0.2042500
0.2020220
0.1999276
0.1979191
0.1958897
0.1939160
0.1921165
0.1904724
0.1888944
0.1871325
0.1855967
0.1840794
0.1825001
0.1809835
0.1796040
0.1780994
0.1766307
0.1752386
0.1739086
0.1724436
0.1710120
0.1696846
0.1684586
0.1669747
0.1658289
0.1645485
0.1633147
0.1622494
0.1611859
0.1601276
0.1590187
0.1580476
0.1570535
0.1561292
0.1551799
0.1544082
0.1534171
0.1525035
0.1516455
0.1506446
0.1498443
0.1488494
0.1480017
0.1470524
0.1462350
0.1454983
0.1446087
0.1437591
0.1431049
0.1423762
0.1416230
0.1408471
0.1402505
0.1397688
0.1390992
0.1385690
0.1379650
0.1374872
0.1369723
0.1365221
0.1359589
0.1354841
0.1348612
0.1341913
0.1335835
0.1329904
0.1323612
0.1319066
0.1313532
0.1308751
0.1304099
0.1301041
0.1297380
0.1292510
0.1289348
0.1285821
0.1284244
0.1280973
0.1278546
0.1276488
0.1273830
0.1271174
0.1268639
0.1266589
0.1262977
0.1261895
0.1258770
0.1253467
0.1248562
0.1244019
0.1238412
0.1234246
0.1232108
0.1230088
0.1227352
0.1230204
0.1229845
0.1232934
0.1237457
0.1240672
0.1245689
0.1253830
0.1258627
0.1265727
0.1273449
0.1281433
0.1291271
0.1300657
0.1311180
0.1322117
0.1333342
0.1344737
0.1353536
0.1360144
0.1368525
0.1376803
0.1386114
0.1396595
0.1410802
0.1424443
0.1437376
0.1455145
0.1469517
0.1485393
0.1504110
0.1519778
0.1538047
0.1556960
0.1573971
0.1594453
0.1612760
0.1634175
0.1653117
0.1675215
0.1695509
0.1716626
0.1738438
0.1753679
0.1769167
0.1782006
0.1795609
0.1809553
0.1823839
0.1837746
0.1851996
0.1865134
0.1877290
0.1891544
0.1905558
0.1917253
0.1930916
0.1944478
0.1955990
0.1969639
0.1982433
0.1993604
0.2006625
0.2019994
0.2031574
0.2042882
0.2055758
0.2068825
0.2078078
0.2086267
0.2092764
0.2103778
0.2112789
0.2123390
0.2137769
0.2149837
0.2162886
0.2180715
0.2194653
0.2214046
0.2234489
0.2252121
0.2272574
0.2292637
0.2315546
0.2338090
0.2361391
0.2384315
0.2409014
0.2433501
0.2458623
0.2483199
0.2509921
0.2534120
0.2553239
0.2575366
0.2594640
0.2613649
0.2635503
0.2655196
0.2679141
0.2702850
0.2725434
0.2750601
0.2781053
0.2807356
0.2836864
0.2865246
0.2894870
0.2926277
0.2956948
0.2988329
0.3018961
0.3053272
0.3084985
0.3116089
0.3151159
0.3184119
0.3214340
0.3234159
0.3257119
0.3278413
0.3300553
0.3322766
0.3342136
0.3365068
0.3384152
0.3406644
0.3426257
0.3447098
0.3468209
0.3487582
0.3507601
0.3527293
0.3547040
0.3565407
0.3584242
0.3602915
0.3621849
0.3639806
0.3659652
0.3677916
0.3697439
0.3716153
0.3722340
0.3731002
0.3743234
0.3753181
0.3764623
0.3777301
0.3792537
0.3803160
0.3818841
0.3834774
0.3849904
0.3866297
0.3884452
0.3901983
0.3920221
0.3942285
0.3962761
0.3986244
0.4007640
0.4034726
0.4066832
0.4096705
0.4128011
0.4164192
0.4195216
0.4217860
0.4245416
0.4270832
0.4296560
0.4324372
0.4352273
0.4380503
0.4409479
0.4438549
0.4469756
0.4499750
0.4531170
0.4565670
0.4595918
0.4632740
0.4663701
0.4699443
0.4732973
0.4769161
0.4802688
0.4837269
0.4872914
0.4907998
0.4939865
0.4971095
0.4987547
0.5004372
0.5023301
0.5038453
0.5054843
0.5070999
0.5085787
0.5103648
0.5121891
0.5137191
0.5156107
0.5175409
0.5193955
0.5212534
0.5235562
0.5255986
0.5282036
0.5308241
0.5332727
0.5360486
0.5391544
0.5421253
0.5452757
0.5488058
0.5510312
0.5528449
0.5541350
0.5558539
0.5580312
0.5604134
0.5625996
0.5653048
0.5684485
0.5711115
0.5747339
0.5789338
0.5830468
0.5870146
0.5938259
0.5993792
0.6058618
0.6148745
0.6226435
0.6316437
0.6427237
0.6516211
0.6624078
0.6738632
0.6827514
0.6911940
0.6954958
0.6984405
0.7002581
0.7012479
0.7008321
0.6977875
0.6949239
0.6917014
0.6888503
0.6870162
0.6932876
0.6930020
0.6969915
0.6971347
0.6944951
0.6917014
0.6882017
0.6835598
0.6782898
0.6715392
0.6643723
0.6566716
0.6482177
0.6401536
0.6312556
0.6210577
0.6104963
0.6004383
0.5905958
0.5802684
0.5706940
0.5606427
0.5506806
0.5408079
0.5313157
0.5213709
0.5117255
0.5023044
0.4920608
0.4830620
0.4735165
0.4646372
0.4549289
0.4458449
0.4369660
0.4278645
0.4187477
0.4099489
0.4011104
0.3920736
0.3815657
0.3703774
0.3591259
0.3479466
0.3365676
0.3243133
0.3113917
0.2975465
0.2859393
0.2724093
0.2556268
0.2409673
0.2266143
0.2113308
0.1966571
0.1798503
0.1629760
0.1486330
0.1333592
0.1175161
0.1031283
0.0897358
0.0756559
0.0631455
0.0517862
0.0407540
0.0311105
0.0227550
0.0163979
0.0113971
0.0075200
0.0047185
0.0027228
0.0011164
0.0002009
0.0000336
0.0007954
0.0022525
0.0044487
0.0068996
0.0089159
0.0116859
0.0140144
0.0153357
0.0170589
0.0173943
0.0182319
0.0175659
0.0173089
0.0166481
0.0163099
0.0156372
0.0161682
0.0170314
0.0180341
0.0188504
0.0194367
0.0196961
0.0196421
0.0193463
0.0188796
0.0181322
0.0171959
0.0155049
0.0131713
0.0106857
0.0082974
0.0064552
0.0049254
0.0036493
0.0025227
0.0016156
0.0011304
0.0006958
0.0003771
0.0001628
0.0000269
0.0000043
0.0001525
0.0005185
0.0007696
0.0011877
0.0017226
0.0021780
0.0025168
0.0030069
0.0032559
0.0033579
0.0037519
0.0038720
0.0038771
0.0039718
0.0039801
0.0039393
0.0039341
0.0038664
0.0038105
0.0037253
0.0036544
0.0036624
0.0037283
0.0037123
0.0038049
0.0039393
0.0041233
0.0043683
0.0045124
0.0046761
0.0051390
0.0056720
0.0063034
0.0069250
0.0074854
0.0081851
0.0087372
0.0094075
0.0098783
0.0096479
0.0104353
0.0106749
0.0112536
0.0118663
0.0126260
0.0134747
0.0144074
0.0153611
0.0165222
0.0178295
0.0190008
0.0204690
0.0219274
0.0234561
0.0248470
0.0260869
0.0271222
0.0286139
0.0301302
0.0314784
0.0329271
0.0343842
0.0359223
0.0374516
0.0390728
0.0407283
0.0424631
0.0441971
0.0459658
0.0477884
0.0496268
0.0515104
0.0533883
0.0553918
0.0572559
0.0590044
0.0607264
0.0623648
0.0641892
0.0661059
0.0679838
0.0696413
0.0711647
0.0725993
0.0741075
0.0755006
0.0769905
0.0784222
0.0797575
0.0811041
0.0825482
0.0839304
0.0852736
0.0863612
0.0874046
0.0883642
0.0889422
0.0893807
0.0896779
0.0900919
0.0906499
0.0911704
0.0917317
0.0923472
0.0940204
0.0958960
0.0981550
0.1005297
0.1028696
0.1055449
0.1087236
0.1111706
0.1136887
0.1166474
0.1198380
0.1208864
0.1227093
0.1246369
0.1260122
0.1271792
0.1277338
0.1279655
0.1274103
0.1263491
0.1247889
0.1247129
0.1247437
0.1246519
0.1243932
0.1243173
0.1242407
0.1243016
0.1243324
0.1240476
0.1236831
0.1226831
0.1214619
0.1199773
0.1183089
0.1169320
0.1153877
0.1161513
0.1147581
0.1127492
0.1106147
0.1080175
0.1041240
0.0997559
0.0958688
0.0898591
0.0848714
0.0796363
0.0738388
0.0686894
0.0631934
0.0577917
0.0524828
0.0473075
0.0424274
0.0376697
0.0332113
0.0289969
0.0255351
0.0226037
0.0200459
0.0178199
0.0157141
0.0138572
0.0120507
0.0107740
0.0097725
0.0089296
0.0079623
0.0068595
0.0057864
0.0040306
0.0033123
0.0027770
0.0020910
0.0015698
0.0012026
0.0009219
0.0006852
0.0005114
0.0003831
0.0002966
0.0002592
0.0002322
0.0002160
0.0002035
0.0001999
0.0001987
0.0002054
0.0002148
0.0002097
0.0002322
0.0002516
0.0002784
0.0002893
0.0003194
0.0003575
0.0003773
0.0004116
0.0004213
0.0004705
0.0005274
0.0005688
0.0006086
0.0006377
0.0006854
0.0007244
0.0008237
0.0009845
0.0011627
0.0013540
0.0015617
0.0017823
0.0020195
0.0022653
0.0025121
0.0027625
0.0030108
0.0032722
0.0035239
0.0037719
0.0040033
0.0042277
0.0044439
0.0046359
0.0048411
0.0050228
0.0052083
0.0053937
0.0056149
0.0057878
0.0059597
0.0061243
0.0063914
0.0065373
0.0065931
0.0065931
0.0064816
0.0062776
0.0061077
0.0057387
0.0054670
0.0052548
0.0047928
0.0041991
0.0044836
0.0043288
0.0039806
0.0035824
0.0032686
0.0028831
0.0022046
0.0017301
0.0012133
0.0007495
0.0003995
0.0001326
0.0000073
0.0000416
0.0001966
0.0004813
0.0009134
0.0015081
0.0022860
0.0032348
0.0043995
0.0057862
0.0073876
0.0092225
0.0112973
0.0136071
0.0161602
0.0189856
0.0220777
0.0254432
0.0290631
0.0329476
0.0370989
0.0415502
0.0462451
0.0513081
0.0566122
0.0621572
0.0680855
0.0740405
0.0796107
0.0853944
0.0914374
0.0976823
0.1041334
0.1108662
0.1178098
0.1250859
0.1326911
0.1404561
0.1485537
0.1571411
0.1657916
0.1746184
0.1838280
0.1931338
0.2016044
0.2098739
0.2186564
0.2282830
0.2381553
0.2481118
0.2582921
0.2685395
0.2789862
0.2898352
0.2986145
0.3074723
0.3163630
0.3252605
0.3337426
0.3427236
0.3518798
0.3612264
0.3706485
0.3801098
0.3891436
0.3978013
0.4046971
0.4098440
0.4144342
0.4191474
0.4240746
0.4298550
0.4344425
0.4363921
0.4447696
0.4499339
0.4536373
0.4588527
0.4616157
0.4579962
0.4579315
0.4571707
0.4527473
0.4463689
0.4421122
0.4356962
0.4286651
0.4220382
0.4144803
0.4067719
0.3991838
0.3930646
0.3878231
0.3839388
0.3811677
0.3794511
0.3763573
0.3736722
0.3722050
0.3719726
0.3692220
0.3666894
0.3635447
0.3598070
0.3569187
0.3545881
0.3477298
0.3434813
0.3398140
0.3363001
0.3348084
0.3339046
0.3325727
0.3324183
0.3328690
0.3336509
0.3350625
0.3366758
0.3387259
0.3411385
0.3438390
0.3467518
0.3500599
0.3536004
0.3572611
0.3613522
0.3654215
0.3698259
0.3743978
0.3790666
0.3820301
0.3850767
0.3881964
0.3916265
0.3950946
0.3987015
0.4022007
0.4061432
0.4099328
0.4137400
0.4177225
0.4217401
0.4259361
0.4300810
0.4342941
0.4387299
0.4430988
0.4476691
0.4520821
0.4568799
0.4613380
0.4662095
0.4711066
0.4759618
0.4808165
0.4848596
0.4877887
0.4908963
0.4941084
0.4972551
0.5004626
0.5036295
0.5069533
0.5103136
0.5138524
0.5172096
0.5207722
0.5243014
0.5279142
0.5316377
0.5352758
0.5391239
0.5429130
0.5467154
0.5508308
0.5546608
0.5587053
0.5629665
0.5669398
0.5712593
0.5749427
0.5766919
0.5786719
0.5804268
0.5824398
0.5842768
0.5863234
0.5885309
0.5905579
0.5927194
0.5950430
0.5971354
0.5995179
0.6015910
0.6040367
0.6065148
0.6089159
0.6114547
0.6137364
0.6163912
0.6192917
0.6218008
0.6245797
0.6272341
0.6300529
0.6330132
0.6319901
0.6309409
0.6298925
0.6289792
0.6280130
0.6269938
0.6259889
0.6252258
0.6245166
0.6235270
0.6229123
0.6224447
0.6216437
0.6210699
0.6204030
0.6199098
0.6194567
0.6188706
0.6185643
0.6179654
0.6177392
0.6175929
0.6172603
0.6173667
0.6172603
0.6137681
0.6112087
0.6098463
0.6071387
0.6063601
0.6052271
0.6050031
0.6052397
0.6051214
0.6055820
0.6063349
0.6070328
0.6077992
0.6090533
0.6108394
0.6123347
0.6142320
0.6163838
0.6187531
0.6211524
0.6236252
0.6263694
0.6292272
0.6321996
0.6353131
0.6359216
0.6360301
0.6358381
0.6357046
0.6359091
0.6359216
0.6360177
0.6362723
0.6368401
0.6371660
0.6374919
0.6379642
0.6387503
0.6393193
0.6401063
0.6406885
0.6415853
0.6421807
0.6431037
0.6441240
0.6450358
0.6460703
0.6469961
0.6482386
0.6491659
0.6483780
0.6465992
0.6445432
0.6426240
0.6408532
0.6389275
0.6372463
0.6354346
0.6338544
0.6319633
0.6305197
0.6290779
0.6274937
0.6259594
0.6248099
0.6232670
0.6219648
0.6204969
0.6192809
0.6180543
0.6169597
0.6157472
0.6146309
0.6135275
0.6125435
0.6128950
0.6090721
0.6056254
0.6021770
0.5986814
0.5952529
0.5918002
0.5883802
0.5853055
0.5819858
0.5788018
0.5755230
0.5724487
0.5695078
0.5664829
0.5635353
0.5605043
0.5576851
0.5549746
0.5520790
0.5494941
0.5469263
0.5442421
0.5415862
0.5389259
0.5364397
0.5308084
0.5263918
0.5217550
0.5173969
0.5128513
0.5084795
0.5043507
0.5006247
0.4976823
0.4940013
0.4910784
0.4890627
0.4864299
0.4844987
0.4837393
0.4821175
0.4809515
0.4802895
0.4794936
0.4788524
0.4785493
0.4783904
0.4784847
0.4786536
0.4780266
0.4763297
0.4747202
0.4731327
0.4716969
0.4704792
0.4692345
0.4682353
0.4673020
0.4664437
0.4657078
0.4649346
0.4641715
0.4636233
0.4630015
0.4626206
0.4621472
0.4617667
0.4615718
0.4612199
0.4610156
0.4607566
0.4607188
0.4604693
0.4604693
0.4594814
0.4575316
0.4556224
0.4536071
0.4516698
0.4496723
0.4478348
0.4461012
0.4442980
0.4425712
0.4407662
0.4391278
0.4375282
0.4359048
0.4343655
0.4327479
0.4312496
0.4299869
0.4284669
0.4271191
0.4256394
0.4244475
0.4233187
0.4219879
0.4208361
0.4186881
0.4151892
0.4118093
0.4084265
0.4049957
0.4016494
0.3983416
0.3952639
0.3919744
0.3889295
0.3858965
0.3828915
0.3800664
0.3772118
0.3742728
0.3716223
0.3689733
0.3660350
0.3635119
0.3610794
0.3584839
0.3558320
0.3534833
0.3511655
0.3487594
0.3453518
0.3401780
0.3352083
0.3302681
0.3255412
0.3209117
0.3162316
0.3116759
0.3074349
0.3031616
0.2987623
0.2947719
0.2910690
0.2873298
0.2837005
0.2805931
0.2772678
0.2742608
0.2717287
0.2688290
0.2662583
0.2643367
0.2620857
0.2602994
0.2590741
0.2561756
0.2525562
0.2492344
0.2455704
0.2424349
0.2393080
0.2363395
0.2335212
0.2306543
0.2280427
0.2254627
0.2229728
0.2205330
0.2183030
0.2160156
0.2138715
0.2118063
0.2096779
0.2077977
0.2057674
0.2037767
0.2020056
0.2003219
0.1985502
0.1967864
0.1945243
0.1915267
0.1885424
0.1855328
0.1827654
0.1800717
0.1772977
0.1746447
0.1719648
0.1693615
0.1670929
0.1647983
0.1624464
0.1601295
0.1580410
0.1558409
0.1538740
0.1518710
0.1499865
0.1480526
0.1465432
0.1451797
0.1434403
0.1419973
0.1408040
0.1388836
0.1365532
0.1343341
0.1320879
0.1299095
0.1278988
0.1258883
0.1238535
0.1220688
0.1203798
0.1187963
0.1170522
0.1155756
0.1143454
0.1129700
0.1118718
0.1109634
0.1098299
0.1089155
0.1081460
0.1072386
0.1064380
0.1057885
0.1051587
0.1045642
0.1036501
0.1023114
0.1009450
0.0997885
0.0985961
0.0973818
0.0963269
0.0952359
0.0941575
0.0931999
0.0921776
0.0912269
0.0904035
0.0895431
0.0888019
0.0880360
0.0872979
0.0865261
0.0858465
0.0851572
0.0845527
0.0839110
0.0833862
0.0828209
0.0823324
0.0815572
0.0804529
0.0792799
0.0781855
0.0771100
0.0760681
0.0752421
0.0743634
0.0737277
0.0733402
0.0728469
0.0724308
0.0723943
0.0720413
0.0719069
0.0719377
0.0718733
0.0719069
0.0719741
0.0721113
0.0723242
0.0725712
0.0728158
0.0731625
0.0735099
0.0737432
0.0734631
0.0732933
0.0730844
0.0730140
0.0729382
0.0728393
0.0728340
0.0728340
0.0728732
0.0728705
0.0729747
0.0729801
0.0731156
0.0732227
0.0733924
0.0735024
0.0737799
0.0740634
0.0744815
0.0750119
0.0756875
0.0763661
0.0771870
0.0781930
0.0788453
0.0790622
0.0795377
0.0798265
0.0802197
0.0806987
0.0812452
0.0817963
0.0822745
0.0829790
0.0836448
0.0843160
0.0849871
0.0858502
0.0866068
0.0874353
0.0883565
0.0892365
0.0901990
0.0911639
0.0921749
0.0932298
0.0942521
0.0953246
0.0964392
0.0972303
0.0976280
0.0979509
0.0983895
0.0989110
0.0992783
0.0997993
0.1001654
0.1007343
0.1013019
0.1017568
0.1023674
0.1028620
0.1034701
0.1041728
0.1047124
0.1053785
0.1059970
0.1066702
0.1074661
0.1082589
0.1091081
0.1099994
0.1109718
0.1120027
0.1126563
0.1126141
0.1127436
0.1128310
0.1129125
0.1130029
0.1130845
0.1132988
0.1135587
0.1138613
0.1141130
0.1144648
0.1148082
0.1151918
0.1155791
0.1159759
0.1164931
0.1168885
0.1174509
0.1178880
0.1184588
0.1189442
0.1196014
0.1202198
0.1209242
0.1210309
0.1205472
0.1200587
0.1195769
0.1193161
0.1187492
0.1186163
0.1190094
0.1190961
0.1197567
0.1204598
0.1208093
0.1211622
0.1216442
0.1216500
0.1215565
0.1225816
0.1234639
0.1246775
0.1260668
0.1276016
0.1286910
0.1296915
0.1309718
0.1321670
0.1328964
0.1330368
0.1333611
0.1335421
0.1339591
0.1344200
0.1350260
0.1358160
0.1365153
0.1374437
0.1384308
0.1394655
0.1404539
0.1417890
0.1431216
0.1443140
0.1457064
0.1471597
0.1486142
0.1503257
0.1518448
0.1535717
0.1552588
0.1572013
0.1590618
0.1601595
0.1605569
0.1608624
0.1612635
0.1617186
0.1622249
0.1626756
0.1630847
0.1636412
0.1643546
0.1649162
0.1656294
0.1662474
0.1669634
0.1676295
0.1684032
0.1692821
0.1700566
0.1708878
0.1716659
0.1725503
0.1733876
0.1742764
0.1753782
0.1762751
0.1764129
0.1755714
0.1747900
0.1740048
0.1732242
0.1726515
0.1721815
0.1715612
0.1711501
0.1707341
0.1704278
0.1700127
0.1698571
0.1696499
0.1693419
0.1690369
0.1689307
0.1689335
0.1687784
0.1689824
0.1691920
0.1693419
0.1696553
0.1705809
0.1710461
0.1710642
0.1712177
0.1708093
0.1705003
0.1708588
0.1709602
0.1710667
0.1714778
0.1719441
0.1723563
0.1730801
0.1738054
0.1746373
0.1755213
0.1765157
0.1775658
0.1786696
0.1798276
0.1809384
0.1823183
0.1835958
0.1849343
0.1863810
0.1877296
0.1892939
0.1897922
0.1897399
0.1896852
0.1896852
0.1896876
0.1897399
0.1897922
0.1899040
0.1901729
0.1902801
0.1904420
0.1906637
0.1908234
0.1912553
0.1915275
0.1919076
0.1922880
0.1928894
0.1933236
0.1937078
0.1942536
0.1946893
0.1953499
0.1960092
0.1966115
0.1962325
0.1953024
0.1944829
0.1935569
0.1927940
0.1920347
0.1913845
0.1905755
0.1899277
0.1891741
0.1885266
0.1879367
0.1873999
0.1868117
0.1863328
0.1856902
0.1852624
0.1848393
0.1843069
0.1839367
0.1834572
0.1830877
0.1828216
0.1824507
0.1821358
0.1809721
0.1795555
0.1781994
0.1768971
0.1755491
0.1742586
0.1731253
0.1717917
0.1705649
0.1692929
0.1681796
0.1670644
0.1658565
0.1648526
0.1636509
0.1626032
0.1617081
0.1606667
0.1596787
0.1586919
0.1577597
0.1568799
0.1559989
0.1551716
0.1543957
0.1529150
0.1511833
0.1494148
0.1477528
0.1462388
0.1445947
0.1430512
0.1414235
0.1398988
0.1385188
0.1370066
0.1355520
0.1341035
0.1326644
0.1313645
0.1300274
0.1287419
0.1274167
0.1261873
0.1250095
0.1237477
0.1226223
0.1214598
0.1203448
0.1191933
0.1175403
0.1156493
0.1138541
0.1121592
0.1103927
0.1086827
0.1069835
0.1053394
0.1037874
0.1021670
0.1006386
0.0991598
0.0976542
0.0961976
0.0947135
0.0933172
0.0918568
0.0904807
0.0892269
0.0878719
0.0865996
0.0854073
0.0841168
0.0829430
0.0816724
0.0801567
0.0786655
0.0770527
0.0755242
0.0740110
0.0725457
0.0711294
0.0696931
0.0683684
0.0670241
0.0657242
0.0644389
0.0631644
0.0618735
0.0606564
0.0595106
0.0582869
0.0571919
0.0559942
0.0548935
0.0538608
0.0527822
0.0517412
0.0506833
0.0497190
0.0486078
0.0474761
0.0463839
0.0453317
0.0442653
0.0432361
0.0421940
0.0411900
0.0402232
0.0393166
0.0383469
0.0374860
0.0365400
0.0356754
0.0348905
0.0340241
0.0332335
0.0324761
0.0317051
0.0309660
0.0301711
0.0294912
0.0287779
0.0281350
0.0274389
0.0267866
0.0261070
0.0254948
0.0248903
0.0242548
0.0236835
0.0231385
0.0225435
0.0220293
0.0214677
0.0209490
0.0204534
0.0199814
0.0194815
0.0190209
0.0185659
0.0181321
0.0177216
0.0172983
0.0168969
0.0165630
0.0162792
0.0159673
0.0158270
0.0157965
0.0156708
0.0155635
0.0156401
0.0155635
0.0156249
0.0157169
0.0157482
0.0158252
0.0159804
0.0161516
0.0163079
0.0164970
0.0167507
0.0169902
0.0172477
0.0175393
0.0178499
0.0182297
0.0185459
0.0189330
0.0193077
0.0196846
0.0201182
0.0205213
0.0209991
0.0213914
0.0217522
0.0221526
0.0225568
0.0229456
0.0233759
0.0238108
0.0242674
0.0247486
0.0252136
0.0257240
0.0262188
0.0267381
0.0272436
0.0278145
0.0284112
0.0289729
0.0295824
0.0301989
0.0308211
0.0314933
0.0321062
0.0327928
0.0334411
0.0341642
0.0347617
0.0352681
0.0358464
0.0363606
0.0369711
0.0376108
0.0381849
0.0388363
0.0395153
0.0401536
0.0408202
0.0414683
0.0421712
0.0429052
0.0436469
0.0443929
0.0451731
0.0459320
0.0467525
0.0476325
0.0484658
0.0493355
0.0502122
0.0511514
0.0520163
0.0529123
0.0536771
0.0545630
0.0554260
0.0562966
0.0572321
0.0580574
0.0590376
0.0600862
0.0610825
0.0620878
0.0631013
0.0642169
0.0653087
0.0664757
0.0676189
0.0688381
0.0700022
0.0712425
0.0724912
0.0738202
0.0750929
0.0765797
0.0780811
0.0795295
0.0808446
0.0822101
0.0836943
0.0852263
0.0870282
0.0886283
0.0903524
0.0924298
0.0943423
0.0965403
0.0990329
0.1012855
0.1037599
0.1063850
0.1091242
0.1120607
0.1152465
0.1183076
0.1216640
0.1253284
0.1289163
0.1326865
0.1368297
0.1413129
0.1454487
0.1495381
0.1535467
0.1576565
0.1619207
0.1663905
0.1709211
0.1756145
0.1803738
0.1853002
0.1905088
0.1957870
0.2011400
0.2065073
0.2121718
0.2179142
0.2236745
0.2297443
0.2358363
0.2421276
0.2485032
0.2550843
0.2616271
0.2685706
0.2752816
0.2823381
0.2887811
0.2950001
0.3011504
0.3075707
0.3143997
0.3212334
0.3283538
0.3368986
0.3449082
0.3533734
0.3634172
0.3727053
0.3844595
0.3979405
0.4108673
0.4253583
0.4431943
0.4608133
0.4799619
0.5013200
0.5227910
0.5469723
0.5735548
0.5991543
0.6281217
0.6582841
0.6868758
0.7183566
0.7522373
0.7864666
0.8232321
0.8600427
0.8991669
0.9388033
0.9794172
1.0206430
1.0623420
1.1029470
1.1430030
1.1825790
1.2233690
1.2638880
1.3042250
1.3461950
1.3885360
1.4363690
1.4860560
1.5246300
1.5604900
1.5952190
1.6361730
1.6754900
1.7079170
1.7372720
1.7631410
1.8050960
1.8344420
1.8548590
1.8812520
1.9007480
1.9088450
1.9205130
1.9233930
1.9132380
1.9063130
1.8844390
1.8673650
1.8364310
1.8151260
1.7914930
1.7637930
1.7375930
1.7091960
1.6826160
1.6578180
1.6335160
1.6070690
1.5746560
1.5408140
1.5059930
1.4702380
1.4337400
1.3909240
1.3452130
1.3031930
1.2644460
1.2287200
1.1839190
1.1493570
1.1261690
1.0986040
1.0745420
1.0483710
1.0309360
1.0066520
0.9890831
0.9661388
0.9450080
0.9286943
0.9112402
0.8978818
0.8903754
0.8908370
0.8848534
0.8790205
0.8743340
0.8744477
0.8791354
0.8869364
0.8922328
0.8993975
0.9108962
0.9259897
0.9439326
0.9595353
Standard deviation: 0.7443967
