0.0000000
0.0000002
0.0000021
0.0000013
0.0000015
0.0000019
0.0000016
0.0000017
0.0000016
0.0000013
0.0000008
0.0000004
0.0000000
0.0000002
0.0000011
0.0000042
0.0000079
0.0000159
0.0000258
0.0000381
0.0000572
0.0000749
0.0001048
0.0000923
0.0001462
0.0001302
0.0001476
0.0001139
0.0001430
0.0001259
0.0001210
0.0001009
0.0000966
0.0000923
0.0000797
0.0000782
0.0000702
0.0000572
0.0000614
0.0000735
0.0000649
0.0000671
0.0000689
0.0000671
0.0000725
0.0009037
0.0009876
0.0009587
0.0010915
0.0010469
0.0010879
0.0010084
0.0010736
0.0010433
0.0010699
0.0009671
0.0009418
0.0009452
0.0009169
0.0009418
0.0009218
0.0010049
0.0010100
0.0011797
0.0012252
0.0013911
0.0014842
0.0016885
0.0017404
0.0018282
0.0020320
0.0019854
0.0021292
0.0021190
0.0022002
0.0021671
0.0021418
0.0022363
0.0021190
0.0021418
0.0020516
0.0019880
0.0020025
0.0019468
0.0017290
0.0016773
0.0016021
0.0016065
0.0015329
0.0015738
0.0016109
0.0015738
0.0016773
0.0017336
0.0016997
0.0018166
0.0019276
0.0019108
0.0020246
0.0020667
0.0021166
0.0021166
0.0020865
0.0021798
0.0020493
0.0020074
0.0018634
0.0017336
0.0016263
0.0015695
0.0013971
0.0011797
0.0010663
0.0008615
0.0006784
0.0005838
0.0004374
0.0003189
0.0002534
0.0001359
0.0000754
0.0000283
0.0000050
0.0000002
0.0000044
0.0000242
0.0000680
0.0001437
0.0002729
0.0003822
0.0005099
0.0006630
0.0008956
0.0009285
0.0009740
0.0010772
0.0010825
0.0010862
0.0011500
0.0011207
0.0010772
0.0010736
0.0009486
0.0009153
0.0008989
0.0010293
0.0010187
0.0009756
0.0009706
0.0009418
0.0009086
0.0008728
0.0008329
0.0008095
0.0007878
0.0007439
0.0007469
0.0006956
0.0007351
0.0007307
0.0007756
0.0007832
0.0007909
0.0007619
0.0007072
0.0007530
0.0007544
0.0007544
0.0007218
0.0006956
0.0006601
0.0005931
0.0005147
0.0005173
0.0005272
0.0005838
0.0005462
0.0006105
0.0007321
0.0008078
0.0009687
0.0010152
0.0010627
0.0011443
0.0012175
0.0011480
0.0011909
0.0012424
0.0013087
0.0014032
0.0015329
0.0016840
0.0018609
0.0020815
0.0023301
0.0025844
0.0028986
0.0032527
0.0036240
0.0040327
0.0044450
0.0049156
0.0054337
0.0059738
0.0065264
0.0071215
0.0078198
0.0085557
0.0092408
0.0101215
0.0107803
0.0117123
0.0124565
0.0135649
0.0144632
0.0156899
0.0165284
0.0175331
0.0183670
0.0195013
0.0204898
0.0213989
0.0222377
0.0230264
0.0236098
0.0242864
0.0253178
0.0263622
0.0275364
0.0283673
0.0294911
0.0307130
0.0316191
0.0325384
0.0331720
0.0336911
0.0344672
0.0341435
0.0334709
0.0331022
0.0330231
0.0340427
0.0347924
0.0353240
0.0357465
0.0359840
0.0360196
0.0359468
0.0357193
0.0354411
0.0351847
0.0348273
0.0344718
0.0341180
0.0337053
0.0333057
0.0329474
0.0326215
0.0323557
0.0318957
0.0315554
0.0310817
0.0307459
0.0302591
0.0299749
0.0295133
0.0293450
0.0289811
0.0287493
0.0284077
0.0282513
0.0279272
0.0276813
0.0273913
0.0271745
0.0270033
0.0269052
0.0266193
0.0264056
0.0262285
0.0259201
0.0257092
0.0254733
0.0251951
0.0249534
0.0247209
0.0244296
0.0244722
0.0243870
0.0243191
0.0241744
0.0240473
0.0238783
0.0237179
0.0235501
0.0235501
0.0235459
0.0235878
0.0234035
0.0231784
0.0229376
0.0226159
0.0227726
0.0226737
0.0223704
0.0220123
0.0221263
0.0223704
0.0227482
0.0233449
0.0240761
0.0246563
0.0255819
0.0260559
0.0260036
0.0255301
0.0256610
0.0261978
0.0269273
0.0277037
0.0281511
0.0289767
0.0298865
0.0308283
0.0319216
0.0330340
0.0342663
0.0354907
0.0367987
0.0382270
0.0397471
0.0412864
0.0428214
0.0440850
0.0455651
0.0472363
0.0490942
0.0510862
0.0530432
0.0550109
0.0570145
0.0590270
0.0609396
0.0625411
0.0643298
0.0662841
0.0678504
0.0699586
0.0718795
0.0739582
0.0759635
0.0780239
0.0800975
0.0821201
0.0840097
0.0856960
0.0875125
0.0890704
0.0905935
0.0919793
0.0934929
0.0950033
0.0964065
0.0976306
0.0988116
0.0998273
0.1004667
0.1008481
0.1017001
0.1027660
0.1034505
0.1037170
0.1035934
0.1039286
0.1041926
0.1044046
0.1047575
0.1050062
0.1054486
0.1054847
0.1063197
0.1075520
0.1094956
0.1093685
0.1105108
0.1109647
0.1111297
0.1108738
0.1108738
0.1103832
0.1097130
0.1091882
0.1085216
0.1075884
0.1066593
0.1055896
0.1043687
0.1030523
0.1016722
0.1001446
0.0985779
0.0970235
0.0953783
0.0937319
0.0920997
0.0904334
0.0886679
0.0869198
0.0853158
0.0837268
0.0818722
0.0802700
0.0785759
0.0770683
0.0754835
0.0739892
0.0724965
0.0709730
0.0693967
0.0680776
0.0665756
0.0651600
0.0635773
0.0621664
0.0606766
0.0592592
0.0577781
0.0564070
0.0550144
0.0536393
0.0523185
0.0510141
0.0498120
0.0485640
0.0474263
0.0463501
0.0452625
0.0441410
0.0430463
0.0419426
0.0408532
0.0398424
0.0387710
0.0378613
0.0369217
0.0359612
0.0350248
0.0340115
0.0329412
0.0319278
0.0309390
0.0299293
0.0289447
0.0279206
0.0269802
0.0260098
0.0250671
0.0241243
0.0231827
0.0222931
0.0213720
0.0205182
0.0196662
0.0187948
0.0179864
0.0171892
0.0164038
0.0156089
0.0149062
0.0141356
0.0134299
0.0127241
0.0119791
0.0113012
0.0106034
0.0099823
0.0093535
0.0088068
0.0082866
0.0076907
0.0071957
0.0066634
0.0063416
0.0060663
0.0058425
0.0056192
0.0054286
0.0052843
0.0050756
0.0048866
0.0046903
0.0044937
0.0043234
0.0041420
0.0039816
0.0038382
0.0037005
0.0035594
0.0035461
0.0035987
0.0036017
0.0036382
0.0036975
0.0038214
0.0040689
0.0043847
0.0045680
0.0047354
0.0049371
0.0045421
0.0045789
0.0045638
0.0045421
0.0045605
0.0046159
0.0047056
0.0048452
0.0049868
0.0051465
0.0053404
0.0055544
0.0057849
0.0060239
0.0062983
0.0065656
0.0068797
0.0071726
0.0075146
0.0078448
0.0082123
0.0085780
0.0089516
0.0093488
0.0097387
0.0101527
0.0105869
0.0110067
0.0114997
0.0120036
0.0124932
0.0129998
0.0135409
0.0140871
0.0145978
0.0151570
0.0157487
0.0162946
0.0168370
0.0173589
0.0177497
0.0180715
0.0183374
0.0184483
0.0184702
0.0187237
0.0189722
0.0189193
0.0187611
0.0185225
0.0185006
0.0185225
0.0184702
0.0183895
0.0182637
0.0181232
0.0179617
0.0178738
0.0179467
0.0180865
0.0181081
0.0181015
0.0180349
0.0177366
0.0174178
0.0170015
0.0166543
0.0163043
0.0160332
0.0157364
0.0154840
0.0150916
0.0146713
0.0144545
0.0145395
0.0144738
0.0145859
0.0142510
0.0140564
0.0135107
0.0133584
0.0129138
0.0122576
0.0118318
0.0112210
0.0107406
0.0101428
0.0095464
0.0089635
0.0083184
0.0076680
0.0070682
0.0064478
0.0058484
0.0052539
0.0046649
0.0041078
0.0035824
0.0030937
0.0026318
0.0021869
0.0018111
0.0014621
0.0011915
0.0009640
0.0007712
0.0006011
0.0004627
0.0003475
0.0002556
0.0001830
0.0001165
0.0000681
0.0000345
0.0000161
0.0000051
0.0000006
0.0000002
0.0000023
0.0000075
0.0000151
0.0000245
0.0000270
0.0000320
0.0000427
0.0000412
0.0000361
0.0000474
0.0000672
0.0000910
0.0001195
0.0001506
0.0001889
0.0002358
0.0002879
0.0003514
0.0004497
0.0005243
0.0005980
0.0006114
0.0006611
0.0007068
0.0008169
0.0009000
0.0009247
0.0009993
0.0010166
0.0009856
0.0009856
0.0009567
0.0008837
0.0008293
0.0007722
0.0006924
0.0006020
0.0005131
0.0004243
0.0003302
0.0002529
0.0001749
0.0001101
0.0000602
0.0000287
0.0000082
0.0000001
0.0000043
0.0000172
0.0000348
0.0000466
0.0000532
0.0000532
0.0000712
0.0000893
0.0001094
0.0001297
0.0001484
0.0001292
0.0000983
0.0000722
0.0000699
0.0000667
0.0000415
0.0000295
0.0000172
0.0000087
0.0000031
0.0000003
0.0000001
0.0000005
0.0000066
0.0000033
0.0000076
0.0000079
0.0000069
0.0000055
0.0000029
0.0000009
0.0000000
0.0000012
0.0000055
0.0000146
0.0000281
0.0000441
0.0000658
0.0000924
0.0001303
0.0001662
0.0002143
0.0002685
0.0003309
0.0004007
0.0004797
0.0005646
0.0006632
0.0007562
0.0008507
0.0008943
0.0009557
0.0010579
0.0011879
0.0013431
0.0015144
0.0016961
0.0018973
0.0021074
0.0023077
0.0025359
0.0027609
0.0029652
0.0032019
0.0034347
0.0036000
0.0038328
0.0040838
0.0043136
0.0045095
0.0047738
0.0049991
0.0052610
0.0055176
0.0057888
0.0060491
0.0063417
0.0066586
0.0069604
0.0072972
0.0076130
0.0079651
0.0083198
0.0086774
0.0090320
0.0094309
0.0098325
0.0102157
0.0106450
0.0110893
0.0114952
0.0119568
0.0124455
0.0129005
0.0133951
0.0139252
0.0144256
0.0149484
0.0155070
0.0160349
0.0166144
0.0171539
0.0177451
0.0183764
0.0189964
0.0196339
0.0203207
0.0209798
0.0216658
0.0223870
0.0231122
0.0238991
0.0246483
0.0254348
0.0262599
0.0270898
0.0279141
0.0287970
0.0296555
0.0305847
0.0315373
0.0324953
0.0335175
0.0344607
0.0354715
0.0364447
0.0374526
0.0384742
0.0395638
0.0406686
0.0418218
0.0428444
0.0439830
0.0451584
0.0462557
0.0474385
0.0486589
0.0498224
0.0510612
0.0523660
0.0535846
0.0548951
0.0562335
0.0575492
0.0589732
0.0603874
0.0618184
0.0632940
0.0644714
0.0656131
0.0668218
0.0679129
0.0691425
0.0703247
0.0715898
0.0724843
0.0739170
0.0752745
0.0765832
0.0779340
0.0796666
0.0808261
0.0825904
0.0842776
0.0856468
0.0878012
0.0895735
0.0915286
0.0935226
0.0955703
0.0976239
0.0999067
0.1023903
0.1043881
0.1061061
0.1080174
0.1100363
0.1118546
0.1139089
0.1160567
0.1182429
0.1205823
0.1228678
0.1251557
0.1275814
0.1300506
0.1326029
0.1351593
0.1379031
0.1405922
0.1432656
0.1460901
0.1489204
0.1516507
0.1542124
0.1563858
0.1584433
0.1603836
0.1618119
0.1627355
0.1635735
0.1643914
0.1650561
0.1656110
0.1662782
0.1669021
0.1674602
0.1675272
0.1673931
0.1673485
0.1671922
0.1673931
0.1676165
0.1678401
0.1681310
0.1682877
0.1683549
0.1685117
0.1686911
0.1695442
0.1698590
0.1699715
0.1691398
0.1675362
0.1649979
0.1621280
0.1588687
0.1553624
0.1531759
0.1512373
0.1492693
0.1487209
0.1466862
0.1447893
0.1434211
0.1419369
0.1401732
0.1383191
0.1363364
0.1339682
0.1315610
0.1287447
0.1254167
0.1225901
0.1191921
0.1152851
0.1117168
0.1078642
0.1031768
0.0989245
0.0947791
0.0904915
0.0861912
0.0820899
0.0780269
0.0741566
0.0703560
0.0668804
0.0636862
0.0607579
0.0582807
0.0561000
0.0541895
0.0528636
0.0518890
0.0512809
0.0501134
0.0490072
0.0480453
0.0471399
0.0458332
0.0444873
0.0438219
0.0434552
0.0414198
0.0401408
0.0389357
0.0377810
0.0369262
0.0361437
0.0355335
0.0351028
0.0347353
0.0344308
0.0342390
0.0341276
0.0341076
0.0341476
0.0342285
0.0343601
0.0345321
0.0347660
0.0350209
0.0353280
0.0356160
0.0359257
0.0363515
0.0367482
0.0368737
0.0370520
0.0375053
0.0381000
0.0388068
0.0394331
0.0401955
0.0409652
0.0417652
0.0423810
0.0430354
0.0438091
0.0444397
0.0450638
0.0453419
0.0457033
0.0464062
0.0470909
0.0476613
0.0479597
0.0482353
0.0488126
0.0492596
0.0497821
0.0500997
0.0505536
0.0509469
0.0513544
0.0517262
0.0520875
0.0525492
0.0529382
0.0533407
0.0537326
0.0541260
0.0545835
0.0549546
0.0553779
0.0558539
0.0562550
0.0566832
0.0571907
0.0576881
0.0582273
0.0586892
0.0591792
0.0597518
0.0602601
0.0608112
0.0614184
0.0619529
0.0624293
0.0628662
0.0633746
0.0639254
0.0644368
0.0649646
0.0655368
0.0661115
0.0666594
0.0672817
0.0678774
0.0685053
0.0692215
0.0698406
0.0705788
0.0713345
0.0720073
0.0727859
0.0734793
0.0742813
0.0751018
0.0758969
0.0767419
0.0775456
0.0784718
0.0794688
0.0804108
0.0814670
0.0824207
0.0835212
0.0845826
0.0857291
0.0867392
0.0877064
0.0886145
0.0891518
0.0895597
0.0898049
0.0897725
0.0895597
0.0887127
0.0875448
0.0860490
0.0845347
0.0828129
0.0809065
0.0793614
0.0780440
0.0772076
0.0767076
0.0755716
0.0742862
0.0732191
0.0722028
0.0716324
0.0723204
0.0725408
0.0723204
0.0722028
0.0723053
0.0723053
0.0719249
0.0713544
0.0711509
0.0704098
0.0698603
0.0686677
0.0679397
0.0665803
0.0648865
0.0639311
0.0621484
0.0607545
0.0588319
0.0571492
0.0551964
0.0534027
0.0514900
0.0495388
0.0475300
0.0456098
0.0436605
0.0416758
0.0397045
0.0378020
0.0359775
0.0342181
0.0323359
0.0305357
0.0288517
0.0271527
0.0254962
0.0239173
0.0223804
0.0208715
0.0194224
0.0180109
0.0167231
0.0154492
0.0143106
0.0133426
0.0125108
0.0117648
0.0111281
0.0105878
0.0103031
0.0101817
0.0101760
0.0101267
0.0101376
0.0102587
0.0101542
0.0099025
0.0098861
0.0098646
0.0099025
0.0090056
0.0087176
0.0083994
0.0081512
0.0079406
0.0078678
0.0077903
0.0078144
0.0078678
0.0079168
0.0080483
0.0081861
0.0083349
0.0085407
0.0087591
0.0090163
0.0092932
0.0095904
0.0099302
0.0102650
0.0106276
0.0110311
0.0114421
0.0118724
0.0123529
0.0128062
0.0132802
0.0137948
0.0143125
0.0148798
0.0154377
0.0160475
0.0166619
0.0172878
0.0179115
0.0185974
0.0191528
0.0197618
0.0204275
0.0210646
0.0217358
0.0223434
0.0228855
0.0234088
0.0240225
0.0245328
0.0250574
0.0253263
0.0255266
0.0255612
0.0255003
0.0253263
0.0251357
0.0248849
0.0245417
0.0243967
0.0242602
0.0241072
0.0239213
0.0234262
0.0228039
0.0222874
0.0223358
0.0222628
0.0218088
0.0212954
0.0206475
0.0200168
0.0193809
0.0187622
0.0180877
0.0174835
0.0168540
0.0168820
0.0166560
0.0162984
0.0159447
0.0154249
0.0148140
0.0139885
0.0132999
0.0124631
0.0115714
0.0107186
0.0097739
0.0087804
0.0078981
0.0070855
0.0062952
0.0053982
0.0045958
0.0037438
0.0030148
0.0023832
0.0018516
0.0014383
0.0011536
0.0008663
0.0006392
0.0004295
0.0002542
0.0001265
0.0000459
0.0000066
0.0000021
0.0000261
0.0000568
0.0000867
0.0001340
0.0001962
0.0002569
0.0003015
0.0003356
0.0004489
0.0006159
0.0008125
0.0009467
0.0010823
0.0014236
0.0017063
0.0020097
0.0023036
0.0026150
0.0029105
0.0031847
0.0034713
0.0037535
0.0039740
0.0041975
0.0043942
0.0045808
0.0047713
0.0049501
0.0051089
0.0052583
0.0054220
0.0055759
0.0057156
0.0058192
0.0059365
0.0060504
0.0061615
0.0062430
0.0063255
0.0063862
0.0064518
0.0065003
0.0064345
0.0064564
0.0064431
0.0063908
0.0063472
0.0062907
0.0061999
0.0061059
0.0060209
0.0059238
0.0058400
0.0057319
0.0056167
0.0054989
0.0053782
0.0052666
0.0051325
0.0050082
0.0048549
0.0047262
0.0045701
0.0044380
0.0042830
0.0041376
0.0039848
0.0038513
0.0037271
0.0036179
0.0035265
0.0034329
0.0033788
0.0033376
0.0033156
0.0033062
0.0033314
0.0033000
0.0032843
0.0032748
0.0032719
0.0032531
0.0032437
0.0032469
0.0032253
0.0032314
0.0032375
0.0032375
0.0032314
0.0032437
0.0032469
0.0032375
0.0032253
0.0032159
0.0032005
0.0031850
0.0032159
0.0032159
0.0032159
0.0031972
0.0031850
0.0031636
0.0031205
0.0030841
0.0030750
0.0030658
0.0030901
0.0030901
0.0030993
0.0030961
0.0031451
0.0031911
0.0032159
0.0032531
0.0032625
0.0032938
0.0033252
0.0033376
0.0033314
0.0033409
0.0033347
0.0033409
0.0033314
0.0033189
0.0033314
0.0033094
0.0033094
0.0032938
0.0032938
0.0032781
0.0032625
0.0032314
0.0032220
0.0032005
0.0031664
0.0031451
0.0031145
0.0030599
0.0030357
0.0029967
0.0029759
0.0029166
0.0028783
0.0028258
0.0027711
0.0027252
0.0026685
0.0026179
0.0025678
0.0024992
0.0024449
0.0023832
0.0023170
0.0022440
0.0021875
0.0021113
0.0020517
0.0019709
0.0018917
0.0018328
0.0017634
0.0016929
0.0016130
0.0015521
0.0014883
0.0014114
0.0013346
0.0012734
0.0012041
0.0011480
0.0010806
0.0010135
0.0009434
0.0008857
0.0008203
0.0007665
0.0007057
0.0006420
0.0005878
0.0005335
0.0004711
0.0004125
0.0003498
0.0002996
0.0002464
0.0001992
0.0001557
0.0001187
0.0000836
0.0000568
0.0000329
0.0000170
0.0000058
0.0000002
0.0000011
0.0000084
0.0000177
0.0000295
0.0000388
0.0000384
0.0000329
0.0000239
0.0000155
0.0000073
0.0000014
0.0000003
0.0000000
0.0000017
0.0000109
0.0000319
0.0000614
0.0000826
0.0000955
0.0001271
0.0001819
0.0002621
0.0003178
0.0003631
0.0004259
0.0004999
0.0004878
0.0005073
0.0005134
0.0005360
0.0005615
0.0005996
0.0006698
0.0007497
0.0008517
0.0009976
0.0011237
0.0012828
0.0015026
0.0017104
0.0019702
0.0022692
0.0026563
0.0030921
0.0037092
0.0043175
0.0049451
0.0056601
0.0064325
0.0073520
0.0081891
0.0090092
0.0101632
0.0113346
0.0126984
0.0141139
0.0155431
0.0168349
0.0181636
0.0195427
0.0209329
0.0223043
0.0233853
0.0243808
0.0252233
0.0257288
0.0260186
0.0261418
0.0263897
0.0265673
0.0267278
0.0272030
0.0278462
0.0283677
0.0287830
0.0292108
0.0293977
0.0295852
0.0312127
0.0320479
0.0329036
0.0336908
0.0342947
0.0348529
0.0353235
0.0356525
0.0360220
0.0360738
0.0361257
0.0360220
0.0359496
0.0357635
0.0355983
0.0353413
0.0350445
0.0347282
0.0343932
0.0339694
0.0336182
0.0331891
0.0326444
0.0319477
0.0313748
0.0305963
0.0296488
0.0290315
0.0281364
0.0272190
0.0263702
0.0254996
0.0245584
0.0236513
0.0226293
0.0217108
0.0207719
0.0198307
0.0189565
0.0180287
0.0171883
0.0162914
0.0154592
0.0146157
0.0138344
0.0130310
0.0122878
0.0115254
0.0107761
0.0100300
0.0093583
0.0086742
0.0081338
0.0076012
0.0071372
0.0066969
0.0063182
0.0060520
0.0058499
0.0057087
0.0054760
0.0052561
0.0050601
0.0048754
0.0047166
0.0045863
0.0044761
0.0043025
0.0041498
0.0039862
0.0038801
0.0036522
0.0034154
0.0032360
0.0030013
0.0027353
0.0025666
0.0024087
0.0022584
0.0021406
0.0020408
0.0019266
0.0017901
0.0016475
0.0015130
0.0013579
0.0011923
0.0010658
0.0009413
0.0008277
0.0006781
0.0005295
0.0003916
0.0003004
0.0002270
0.0001878
0.0001416
0.0001110
0.0000908
0.0000768
0.0000631
0.0000576
0.0000535
0.0000408
0.0000322
0.0000241
0.0000231
0.0000051
0.0000007
0.0000000
0.0000000
0.0000007
0.0000005
0.0000002
0.0000014
0.0000050
0.0000170
0.0000354
0.0000698
0.0001321
0.0001855
0.0002791
0.0003578
0.0004533
0.0005549
0.0006570
0.0007541
0.0008356
0.0009131
0.0009803
0.0010235
0.0011181
0.0012188
0.0012399
0.0012361
0.0012094
0.0011943
0.0011624
0.0011236
0.0011291
0.0011905
0.0013360
0.0014688
0.0016102
0.0016654
0.0017102
0.0017786
0.0017786
0.0017786
0.0017443
0.0017443
0.0017374
0.0016833
0.0016211
0.0015624
0.0015131
0.0016255
0.0016765
0.0017102
0.0017237
0.0016989
0.0016697
0.0016144
0.0015429
0.0014645
0.0013801
0.0013002
0.0011904
0.0011017
0.0010043
0.0008901
0.0007997
0.0006982
0.0006035
0.0005220
0.0004349
0.0003568
0.0002883
0.0002221
0.0001653
0.0001157
0.0000735
0.0000433
0.0000198
0.0000040
0.0000002
0.0000090
0.0000298
0.0000648
0.0001162
0.0001774
0.0002541
0.0003435
0.0004510
0.0005783
0.0007141
0.0008723
0.0010498
0.0012341
0.0014478
0.0016630
0.0019074
0.0021786
0.0024544
0.0027609
0.0030946
0.0034280
0.0038089
0.0041779
0.0045898
0.0050638
0.0055285
0.0060390
0.0065588
0.0071323
0.0077347
0.0081580
0.0086891
0.0093262
0.0100734
0.0108722
0.0117014
0.0126040
0.0135401
0.0145097
0.0153636
0.0163744
0.0173814
0.0182485
0.0193714
0.0205592
0.0217340
0.0228753
0.0239613
0.0251159
0.0262089
0.0273073
0.0284834
0.0297032
0.0309197
0.0321508
0.0334858
0.0347259
0.0360092
0.0374002
0.0388175
0.0402173
0.0415530
0.0429443
0.0442093
0.0453995
0.0467706
0.0480184
0.0493191
0.0505389
0.0515875
0.0525342
0.0534010
0.0542242
0.0549129
0.0558895
0.0568486
0.0577372
0.0584609
0.0592689
0.0600555
0.0606859
0.0613468
0.0619160
0.0623651
0.0627337
0.0632132
0.0636945
0.0641500
0.0647320
0.0653028
0.0659600
0.0673695
0.0686508
0.0701032
0.0713663
0.0727585
0.0740898
0.0754332
0.0768804
0.0785239
0.0803086
0.0821599
0.0835428
0.0848259
0.0861346
0.0870664
0.0878251
0.0886847
0.0894994
0.0902031
0.0905807
0.0908107
0.0908107
0.0909919
0.0911567
0.0914041
0.0904492
0.0897119
0.0886847
0.0879223
0.0869054
0.0859425
0.0856865
0.0866963
0.0866514
0.0862019
0.0859617
0.0857698
0.0854342
0.0850836
0.0844795
0.0838460
0.0833411
0.0825862
0.0819129
0.0809624
0.0800331
0.0789096
0.0779618
0.0768985
0.0762788
0.0747937
0.0733671
0.0718959
0.0707150
0.0688975
0.0675430
0.0657812
0.0640287
0.0622369
0.0598894
0.0579546
0.0557289
0.0533955
0.0512846
0.0490472
0.0468831
0.0447331
0.0426676
0.0406727
0.0386829
0.0367953
0.0349955
0.0332511
0.0316091
0.0300183
0.0284409
0.0269244
0.0253881
0.0241084
0.0229693
0.0219224
0.0208449
0.0198172
0.0187503
0.0177837
0.0167932
0.0158928
0.0150039
0.0144410
0.0139983
0.0135242
0.0130711
0.0126686
0.0121575
0.0116630
0.0111787
0.0107330
0.0105191
0.0101859
0.0097658
0.0094714
0.0093549
0.0092338
0.0091553
0.0091135
0.0090355
0.0089423
0.0088446
0.0080432
0.0076420
0.0072138
0.0068656
0.0065481
0.0063160
0.0061010
0.0059063
0.0057686
0.0056325
0.0055225
0.0054174
0.0053615
0.0052976
0.0052699
0.0052184
0.0052184
0.0051987
0.0052657
0.0053374
0.0053973
0.0055023
0.0056163
0.0057354
0.0058644
0.0060372
0.0062125
0.0063467
0.0065131
0.0066682
0.0068566
0.0070524
0.0072510
0.0074808
0.0077042
0.0079507
0.0082010
0.0084652
0.0087335
0.0090423
0.0093355
0.0096546
0.0099467
0.0102541
0.0105772
0.0109054
0.0112386
0.0115885
0.0119319
0.0122564
0.0125967
0.0128991
0.0132423
0.0135582
0.0138523
0.0141754
0.0144632
0.0147801
0.0151270
0.0154242
0.0157308
0.0159576
0.0163042
0.0166406
0.0168739
0.0172161
0.0174895
0.0178378
0.0181160
0.0184334
0.0187684
0.0191064
0.0194783
0.0197994
0.0201159
0.0205276
0.0209049
0.0213254
0.0217501
0.0221789
0.0226120
0.0230907
0.0235160
0.0240041
0.0241991
0.0244714
0.0249262
0.0255158
0.0261564
0.0268142
0.0275161
0.0282729
0.0289934
0.0295449
0.0303002
0.0310560
0.0316651
0.0324766
0.0332485
0.0340096
0.0345971
0.0352399
0.0358164
0.0363868
0.0370043
0.0376159
0.0382649
0.0388544
0.0395026
0.0401345
0.0408380
0.0414804
0.0421501
0.0426899
0.0431989
0.0437228
0.0442725
0.0448028
0.0452432
0.0456735
0.0460595
0.0463528
0.0466470
0.0467773
0.0468954
0.0469410
0.0469645
0.0471544
0.0472137
0.0473559
0.0471779
0.0468229
0.0463982
0.0459876
0.0455437
0.0450210
0.0445470
0.0440647
0.0435162
0.0434132
0.0433906
0.0433681
0.0433338
0.0433113
0.0433113
0.0433906
0.0434024
0.0433906
0.0433113
0.0432770
0.0429830
0.0425761
0.0420708
0.0413683
0.0406384
0.0396757
0.0385848
0.0374244
0.0365214
0.0356402
0.0347486
0.0348408
0.0343533
0.0339897
0.0333387
0.0326048
0.0317724
0.0307203
0.0297328
0.0285767
0.0272724
0.0260948
0.0248401
0.0235160
0.0222035
0.0208967
0.0196454
0.0183733
0.0173230
0.0163384
0.0152139
0.0141490
0.0132037
0.0123523
0.0115996
0.0109275
0.0102478
0.0096540
0.0090677
0.0087841
0.0086261
0.0085602
0.0084595
0.0084094
0.0083844
0.0084094
0.0084898
0.0082997
0.0080137
0.0079599
0.0078190
0.0077133
0.0076128
0.0077133
0.0078336
0.0073907
0.0073531
0.0069422
0.0069469
0.0067301
0.0066409
0.0065919
0.0065610
0.0065610
0.0066275
0.0066808
0.0067661
0.0068652
0.0070015
0.0071392
0.0073297
0.0075178
0.0077083
0.0079062
0.0081164
0.0083688
0.0086256
0.0089067
0.0091922
0.0094718
0.0097555
0.0099780
0.0101698
0.0103801
0.0105926
0.0107618
0.0109895
0.0112310
0.0114696
0.0116930
0.0119482
0.0121460
0.0124182
0.0126199
0.0128725
0.0130966
0.0132784
0.0133667
0.0136330
0.0138251
0.0140378
0.0141543
0.0143763
0.0145404
0.0147851
0.0149581
0.0151590
0.0153955
0.0156061
0.0158453
0.0160664
0.0163233
0.0166174
0.0168719
0.0171496
0.0174153
0.0177266
0.0180624
0.0183646
0.0187064
0.0190140
0.0193617
0.0197513
0.0201057
0.0204949
0.0208562
0.0212604
0.0216924
0.0220882
0.0225285
0.0229649
0.0234473
0.0238755
0.0243589
0.0248300
0.0253315
0.0258820
0.0263851
0.0269379
0.0274692
0.0280513
0.0286670
0.0292431
0.0298720
0.0305077
0.0310633
0.0317504
0.0323858
0.0330475
0.0336857
0.0343806
0.0351033
0.0356684
0.0362690
0.0368010
0.0372951
0.0376015
0.0378030
0.0379307
0.0379733
0.0378991
0.0378986
0.0378560
0.0377179
0.0376969
0.0375062
0.0373583
0.0371580
0.0369587
0.0365609
0.0360824
0.0355348
0.0351549
0.0349404
0.0349500
0.0349399
0.0348384
0.0347261
0.0345837
0.0345024
0.0344212
0.0340377
0.0336961
0.0334762
0.0332566
0.0330180
0.0324451
0.0319554
0.0313430
0.0309577
0.0305365
0.0303653
0.0299950
0.0299005
0.0296650
0.0291968
0.0288897
0.0287136
0.0284090
0.0280056
0.0274329
0.0270254
0.0263918
0.0258885
0.0246049
0.0238651
0.0228308
0.0218839
0.0208386
0.0195433
0.0184152
0.0172058
0.0158374
0.0145722
0.0132650
0.0120132
0.0108234
0.0096206
0.0084786
0.0073757
0.0063628
0.0053685
0.0044660
0.0036430
0.0029069
0.0022278
0.0016368
0.0011275
0.0007157
0.0004004
0.0001789
0.0000485
0.0000008
0.0000280
0.0001284
0.0002902
0.0005334
0.0008326
0.0012097
0.0015929
0.0019947
0.0024147
0.0027905
0.0031473
0.0034804
0.0038234
0.0041509
0.0044407
0.0048158
0.0051982
0.0057391
0.0062975
0.0067338
0.0068870
0.0069779
0.0069279
0.0075454
0.0078328
0.0079588
0.0082488
0.0082488
0.0080959
0.0080028
0.0077026
0.0072915
0.0069917
0.0065513
0.0060487
0.0055784
0.0050765
0.0045981
0.0040597
0.0035577
0.0031043
0.0026339
0.0022200
0.0018462
0.0015068
0.0012076
0.0009855
0.0008091
0.0006683
0.0005563
0.0004710
0.0004070
0.0003652
0.0003405
0.0002828
0.0002271
0.0001819
0.0001782
0.0001908
0.0002046
0.0001931
0.0001731
0.0001923
0.0002141
0.0002438
0.0002755
0.0002238
0.0001984
0.0001653
0.0001321
0.0001198
0.0001352
0.0001133
0.0001404
0.0001277
0.0001667
0.0001760
0.0002181
0.0002892
0.0003226
0.0004203
0.0004974
0.0006077
0.0007363
0.0008903
0.0010641
0.0012632
0.0014900
0.0017536
0.0020485
0.0023479
0.0026986
0.0030739
0.0034961
0.0039248
0.0044038
0.0048913
0.0053962
0.0059807
0.0065687
0.0071565
0.0078275
0.0084982
0.0092017
0.0099221
0.0106700
0.0114331
0.0122047
0.0130138
0.0138811
0.0145316
0.0151503
0.0157268
0.0164749
0.0172620
0.0179939
0.0185328
0.0189965
0.0191548
0.0191548
0.0190491
0.0191701
0.0192987
0.0193746
0.0193821
0.0192683
0.0192079
0.0193595
0.0199795
0.0204064
0.0206252
0.0207903
0.0209716
0.0210428
0.0210906
0.0211460
0.0211063
0.0211063
0.0211778
0.0212892
0.0213291
0.0222395
0.0225992
0.0229949
0.0233778
0.0237462
0.0239995
0.0242370
0.0244073
0.0246124
0.0246297
0.0245866
0.0245611
0.0244584
0.0242626
0.0241097
0.0236708
0.0231278
0.0226490
0.0221179
0.0212977
0.0206335
0.0198721
0.0190194
0.0182592
0.0174277
0.0165316
0.0156657
0.0147967
0.0138947
0.0130520
0.0121632
0.0112942
0.0105356
0.0097656
0.0090351
0.0083431
0.0077220
0.0071661
0.0066803
0.0062500
0.0058509
0.0054166
0.0049991
0.0046205
0.0043031
0.0040007
0.0037326
0.0034416
0.0031654
0.0029157
0.0028018
0.0027329
0.0025837
0.0024334
0.0022980
0.0021792
0.0021184
0.0020883
0.0020759
0.0020511
0.0019704
0.0018487
0.0017973
0.0017721
0.0017400
0.0017241
0.0017083
0.0016170
0.0015027
0.0013743
0.0013143
0.0012344
0.0011813
0.0011184
0.0010660
0.0009959
0.0009083
0.0007983
0.0007157
0.0006226
0.0005284
0.0004453
0.0004214
0.0004070
0.0004499
0.0004339
0.0004817
0.0005036
0.0005654
0.0006897
0.0008045
0.0009753
0.0011964
0.0014337
0.0017514
0.0020660
0.0024388
0.0028863
0.0033747
0.0039150
0.0045356
0.0052021
0.0059435
0.0067479
0.0076316
0.0085850
0.0095677
0.0105812
0.0117227
0.0129286
0.0141806
0.0154633
0.0166599
0.0180845
0.0195524
0.0209824
0.0224710
0.0240277
0.0256452
0.0272703
0.0289081
0.0306031
0.0323172
0.0341380
0.0359989
0.0378240
0.0397378
0.0416542
0.0435686
0.0454347
0.0472687
0.0491866
0.0511430
0.0532131
0.0551323
0.0572026
0.0592182
0.0612413
0.0632571
0.0653896
0.0673870
0.0695875
0.0716185
0.0737082
0.0758583
0.0780394
0.0797722
0.0813374
0.0830283
0.0846879
0.0862686
0.0874432
0.0884143
0.0891792
0.0897487
0.0900929
0.0902406
0.0900273
0.0895366
0.0888192
0.0879910
0.0875867
0.0872799
0.0863952
0.0853074
0.0839734
0.0831525
0.0847976
0.0848456
0.0848929
0.0849889
0.0849409
0.0845758
0.0840682
0.0834044
0.0826180
0.0817413
0.0806987
0.0796481
0.0785436
0.0773541
0.0764309
0.0749732
0.0736635
0.0722774
0.0708750
0.0696160
0.0682546
0.0669340
0.0655009
0.0644849
0.0629279
0.0612274
0.0598704
0.0584626
0.0570845
0.0557106
0.0542509
0.0528236
0.0514398
0.0499645
0.0485468
0.0470786
0.0456561
0.0442426
0.0427846
0.0412849
0.0398445
0.0384831
0.0370403
0.0356970
0.0343785
0.0330853
0.0318752
0.0306872
0.0296347
0.0286193
0.0275488
0.0265521
0.0255824
0.0247938
0.0240686
0.0234122
0.0227488
0.0221194
0.0215544
0.0209733
0.0204313
0.0199117
0.0194982
0.0191037
0.0188177
0.0186014
0.0184451
0.0183268
0.0181571
0.0180030
0.0178933
0.0180469
0.0182529
0.0180469
0.0178421
0.0177912
0.0178493
0.0179298
0.0180982
0.0182603
0.0184228
0.0185639
0.0187132
0.0188852
0.0190507
0.0194447
0.0188102
0.0188554
0.0188405
0.0189680
0.0191870
0.0195288
0.0199662
0.0205802
0.0210766
0.0217073
0.0224865
0.0232712
0.0241540
0.0251051
0.0261008
0.0271609
0.0282515
0.0293821
0.0305924
0.0318075
0.0330561
0.0343894
0.0357392
0.0371671
0.0385694
0.0400414
0.0415742
0.0430790
0.0446573
0.0462285
0.0478630
0.0494766
0.0511171
0.0527972
0.0545171
0.0562651
0.0580136
0.0598026
0.0615779
0.0633791
0.0650947
0.0669609
0.0688102
0.0707142
0.0724959
0.0744197
0.0763082
0.0782052
0.0801409
0.0819904
0.0839727
0.0858169
0.0878119
0.0896825
0.0916712
0.0936492
0.0954622
0.0974629
0.0994503
0.1014231
0.1033624
0.1053194
0.1071706
0.1091280
0.1109567
0.1126369
0.1144023
0.1160707
0.1177133
0.1190279
0.1203881
0.1212230
0.1224432
0.1239371
0.1251901
0.1264879
0.1277479
0.1289413
0.1301599
0.1313442
0.1319784
0.1330515
0.1342290
0.1350103
0.1356126
0.1360964
0.1345696
0.1323359
0.1296485
0.1273393
0.1253982
0.1238750
0.1242602
0.1246454
0.1260564
0.1245101
0.1235877
0.1223428
0.1206876
0.1188548
0.1169797
0.1149047
0.1128595
0.1106870
0.1085364
0.1063708
0.1041040
0.1018609
0.0996771
0.0973466
0.0950771
0.0927684
0.0906353
0.0883808
0.0862355
0.0840531
0.0820550
0.0799105
0.0779021
0.0759329
0.0739748
0.0719987
0.0700344
0.0682115
0.0663558
0.0644986
0.0626543
0.0608368
0.0591118
0.0573467
0.0556723
0.0539849
0.0522982
0.0506139
0.0490296
0.0474228
0.0458080
0.0442212
0.0425604
0.0409323
0.0392483
0.0382061
0.0369886
0.0358014
0.0346437
0.0335352
0.0324934
0.0318566
0.0313809
0.0310530
0.0306789
0.0303829
0.0302322
0.0302322
0.0303653
0.0307659
0.0313434
0.0318087
0.0317215
0.0318285
0.0323371
0.0328699
0.0335563
0.0329287
0.0328993
0.0328097
0.0328498
0.0329390
0.0331173
0.0334559
0.0338266
0.0342394
0.0347366
0.0352167
0.0358749
0.0364669
0.0371480
0.0379011
0.0386809
0.0395122
0.0403198
0.0408921
0.0418024
0.0428693
0.0438817
0.0449866
0.0458006
0.0471069
0.0480481
0.0494710
0.0504470
0.0521038
0.0536359
0.0552022
0.0569863
0.0580601
0.0599973
0.0618574
0.0638285
0.0654386
0.0674648
0.0693211
0.0713194
0.0733900
0.0754606
0.0776970
0.0798576
0.0821105
0.0844740
0.0867907
0.0891718
0.0916178
0.0939801
0.0965756
0.0990516
0.1015761
0.1041681
0.1065961
0.1091242
0.1115556
0.1141598
0.1167202
0.1192139
0.1218489
0.1245127
0.1271080
0.1296902
0.1322544
0.1346886
0.1370841
0.1397045
0.1420605
0.1445830
0.1471050
0.1495233
0.1520045
0.1542693
0.1568527
0.1592190
0.1616682
0.1640475
0.1664673
0.1689048
0.1713600
0.1737407
0.1762080
0.1784142
0.1809603
0.1831508
0.1855185
0.1877352
0.1898943
0.1921585
0.1943678
0.1966606
0.1988462
0.2009701
0.2030808
0.2051035
0.2071854
0.2091541
0.2112553
0.2132183
0.2150626
0.2170924
0.2190304
0.2209516
0.2227779
0.2245593
0.2263736
0.2279098
0.2295548
0.2311538
0.2326777
0.2341030
0.2357165
0.2372302
0.2386670
0.2401371
0.2416382
0.2430083
0.2443020
0.2455724
0.2469267
0.2483668
0.2493750
0.2506585
0.2518342
0.2529595
0.2541133
0.2550512
0.2559062
0.2569844
0.2578439
0.2587036
0.2595371
0.2603732
0.2611529
0.2619627
0.2626616
0.2633627
0.2640344
0.2646272
0.2653309
0.2659506
0.2665684
0.2671336
0.2676981
0.2682365
0.2687729
0.2692536
0.2699341
0.2703609
0.2708149
0.2712988
0.2717254
0.2721511
0.2725784
0.2729212
0.2732643
0.2736062
0.2738931
0.2741776
0.2744068
0.2736062
0.2729790
0.2728647
0.2730477
0.2731620
0.2733047
0.2734179
0.2735618
0.2737045
0.2731903
0.2731043
0.2731903
0.2732481
0.2732764
0.2732469
0.2732186
0.2731620
0.2730771
0.2728202
0.2723351
0.2715658
0.2710536
0.2704292
0.2700599
0.2689264
0.2677101
0.2663837
0.2655392
0.2647629
0.2643141
0.2636408
0.2628575
0.2621846
0.2614588
0.2609009
0.2602595
0.2595074
0.2586740
0.2579242
0.2571495
0.2563471
0.2554901
0.2546358
0.2536442
0.2527373
0.2517508
0.2508202
0.2498360
0.2487729
0.2477659
0.2467072
0.2455704
0.2444616
0.2433021
0.2421998
0.2412606
0.2403748
0.2395198
0.2385858
0.2379988
0.2374402
0.2367219
0.2360322
0.2353160
0.2338346
0.2320962
0.2305198
0.2285314
0.2253585
0.2220269
0.2213323
0.2212560
0.2214098
0.2207682
0.2200249
0.2193853
0.2191803
0.2192575
0.2195972
0.2184982
0.2170708
0.2154962
0.2120880
0.2079843
0.2034523
0.2016089
0.1993103
0.1968811
0.1949948
0.1941998
0.1923764
0.1910608
0.1891570
0.1870954
0.1849290
0.1825651
0.1801234
0.1777677
0.1752894
0.1727848
0.1702971
0.1679613
0.1660202
0.1643115
0.1628560
0.1612950
0.1598506
0.1586085
0.1570039
0.1557516
0.1543535
0.1529617
0.1515353
0.1502400
0.1493741
0.1485940
0.1478170
0.1470824
0.1464138
0.1457456
0.1451200
0.1448083
0.1446840
0.1446840
0.1447672
0.1449750
0.1451417
0.1450995
0.1448083
0.1444677
0.1449035
0.1454863
0.1463202
0.1466967
0.1470104
0.1476181
0.1483957
0.1491116
0.1497237
0.1502102
0.1492807
0.1489635
0.1485644
0.1482698
0.1482271
0.1483114
0.1483322
0.1484800
0.1486904
0.1491116
0.1494917
0.1498084
0.1501464
0.1506336
0.1512256
0.1516725
0.1522044
0.1527584
0.1532065
0.1538703
0.1543423
0.1548789
0.1553940
0.1559334
0.1563220
0.1569262
0.1572946
0.1579017
0.1582928
0.1587705
0.1593804
0.1598824
0.1603192
0.1608444
0.1613259
0.1617429
0.1623150
0.1627987
0.1633508
0.1636808
0.1641227
0.1646332
0.1648756
0.1653642
0.1656973
0.1661651
0.1664097
0.1668553
0.1671678
0.1675480
0.1677040
0.1680849
0.1683087
0.1686215
0.1686437
0.1689356
0.1690922
0.1693401
0.1694302
0.1695425
0.1696772
0.1697673
0.1699021
0.1699923
0.1700369
0.1701271
0.1701271
0.1701271
0.1701271
0.1700826
0.1701048
0.1699700
0.1700369
0.1698564
0.1698119
0.1697217
0.1695870
0.1692267
0.1690245
0.1687335
0.1685327
0.1681513
0.1678822
0.1675469
0.1672573
0.1667206
0.1665199
0.1659416
0.1655862
0.1650775
0.1646793
0.1642147
0.1637945
0.1633301
0.1628445
0.1622943
0.1618331
0.1613943
0.1608899
0.1605389
0.1603431
0.1598619
0.1594258
0.1592295
0.1588372
0.1584681
0.1580994
0.1577729
0.1574693
0.1569937
0.1567122
0.1562376
0.1558491
0.1547088
0.1536309
0.1529454
0.1524766
0.1520928
0.1517315
0.1514128
0.1512425
0.1511574
0.1506693
0.1509243
0.1513918
0.1514559
0.1513487
0.1513276
0.1509883
0.1506064
0.1505215
0.1502459
0.1498450
0.1495272
0.1493799
0.1491899
0.1490845
0.1489365
0.1489156
0.1490429
0.1493788
0.1496327
0.1499287
0.1501831
0.1502877
0.1502458
0.1500553
0.1497592
0.1497801
0.1496548
0.1495910
0.1495272
0.1494634
0.1492745
0.1491262
0.1488739
0.1486830
0.1483675
0.1479693
0.1475278
0.1472342
0.1468364
0.1463978
0.1459174
0.1453532
0.1448334
0.1443966
0.1437126
0.1431345
0.1425769
0.1418972
0.1411785
0.1405224
0.1398891
0.1391957
0.1384225
0.1376315
0.1368627
0.1360551
0.1352709
0.1343691
0.1334703
0.1326335
0.1316600
0.1308289
0.1297843
0.1288031
0.1278245
0.1268112
0.1256892
0.1245691
0.1232043
0.1217518
0.1201759
0.1183459
0.1163817
0.1142675
0.1124663
0.1106424
0.1086356
0.1062901
0.1037604
0.1013643
0.0989443
0.0964194
0.0934581
0.0902806
0.0869801
0.0835842
0.0801157
0.0765854
0.0733416
0.0705147
0.0678863
0.0654265
0.0630182
0.0606418
0.0580487
0.0555106
0.0530928
0.0505818
0.0485398
0.0468579
0.0456019
0.0432308
0.0415887
0.0397061
0.0377937
0.0358035
0.0338770
0.0319063
0.0299473
0.0280690
0.0261273
0.0243150
0.0224536
0.0207283
0.0190046
0.0173344
0.0158556
0.0145890
0.0133869
0.0122317
0.0110931
0.0100321
0.0089833
0.0080019
0.0070958
0.0062099
0.0053545
0.0045888
0.0038818
0.0032124
0.0025976
0.0020609
0.0015730
0.0011600
0.0008008
0.0005103
0.0002822
0.0001182
0.0000255
0.0000007
0.0000448
0.0001434
0.0002378
0.0003622
0.0005177
0.0006921
0.0008999
0.0011349
0.0014074
0.0017027
0.0020284
0.0023770
0.0027680
0.0032071
0.0036584
0.0041541
0.0046734
0.0052392
0.0058581
0.0064811
0.0071669
0.0078637
0.0086279
0.0093968
0.0102314
0.0111238
0.0119080
0.0123972
0.0128642
0.0133786
0.0139228
0.0144514
0.0150232
0.0155721
0.0161721
0.0167970
0.0174130
0.0180697
0.0187314
0.0194049
0.0201274
0.0208330
0.0215906
0.0223211
0.0231147
0.0239464
0.0247747
0.0256271
0.0265365
0.0274289
0.0283537
0.0289696
0.0288512
0.0287193
0.0286646
0.0285530
0.0284960
0.0283958
0.0283390
0.0283217
0.0282649
0.0282391
0.0282452
0.0282021
0.0282193
0.0281910
0.0282193
0.0282279
0.0282908
0.0282933
0.0283562
0.0284588
0.0285133
0.0286162
0.0286820
0.0287852
0.0288198
0.0284873
0.0281796
0.0278594
0.0275748
0.0273448
0.0270377
0.0267961
0.0265169
0.0262832
0.0260860
0.0258486
0.0256449
0.0254096
0.0252425
0.0250922
0.0248861
0.0247288
0.0245481
0.0244024
0.0242915
0.0241361
0.0240336
0.0238895
0.0237876
0.0236371
0.0232845
0.0229756
0.0226254
0.0223209
0.0220560
0.0217479
0.0214791
0.0212391
0.0209515
0.0207218
0.0204449
0.0202181
0.0199996
0.0198037
0.0195875
0.0193937
0.0191657
0.0189973
0.0188484
0.0186582
0.0185082
0.0183681
0.0182466
0.0180915
0.0179038
0.0175297
0.0172173
0.0169077
0.0165855
0.0162689
0.0160173
0.0157739
0.0155113
0.0152928
0.0150759
0.0148314
0.0146384
0.0144322
0.0142658
0.0140883
0.0139321
0.0137907
0.0136420
0.0135057
0.0133782
0.0132592
0.0131443
0.0130630
0.0129547
0.0128006
0.0125338
0.0123109
0.0120570
0.0118438
0.0116477
0.0114403
0.0112507
0.0110364
0.0108648
0.0107131
0.0105369
0.0103845
0.0102109
0.0100679
0.0099509
0.0098077
0.0096824
0.0095382
0.0094243
0.0093227
0.0092754
0.0091535
0.0091114
0.0090276
0.0089226
0.0087525
0.0085729
0.0084107
0.0082346
0.0080981
0.0079361
0.0078083
0.0076965
0.0075706
0.0074648
0.0073366
0.0072470
0.0071435
0.0070424
0.0069671
0.0069097
0.0068450
0.0068110
0.0067584
0.0067403
0.0067083
0.0066984
0.0066805
0.0066903
0.0066340
0.0065288
0.0064288
0.0062846
0.0062150
0.0061826
0.0060887
0.0060373
0.0059976
0.0059713
0.0059428
0.0059128
0.0058959
0.0058921
0.0058883
0.0059052
0.0059204
0.0059560
0.0059861
0.0060147
0.0060583
0.0061058
0.0061670
0.0062419
0.0063059
0.0063138
0.0062519
0.0061673
0.0061079
0.0060432
0.0059903
0.0059224
0.0058849
0.0058587
0.0058158
0.0057841
0.0057490
0.0057286
0.0057231
0.0056954
0.0056936
0.0056751
0.0056751
0.0056862
0.0056899
0.0057194
0.0057490
0.0057749
0.0057879
0.0058381
0.0058208
0.0057521
0.0056948
0.0056269
0.0055611
0.0055193
0.0054542
0.0054128
0.0053609
0.0053359
0.0052878
0.0052666
0.0052577
0.0052347
0.0052347
0.0052118
0.0052065
0.0051871
0.0052030
0.0052241
0.0052224
0.0052435
0.0052506
0.0052754
0.0053163
0.0052879
0.0052207
0.0051398
0.0050736
0.0050267
0.0049663
0.0049166
0.0048534
0.0048110
0.0047856
0.0047418
0.0047082
0.0046664
0.0046497
0.0046398
0.0046049
0.0045950
0.0045686
0.0046099
0.0046515
0.0046548
0.0047267
0.0048042
0.0048772
0.0049836
0.0050532
0.0050585
0.0050688
0.0051211
0.0051649
0.0052089
0.0052849
0.0053544
0.0054224
0.0055182
0.0056092
0.0057305
0.0058327
0.0059375
0.0060739
0.0062289
0.0063605
0.0065450
0.0067400
0.0069094
0.0071386
0.0073882
0.0076060
0.0078593
0.0081345
0.0083999
0.0085958
0.0087754
0.0089549
0.0091781
0.0094088
0.0096639
0.0099101
0.0101573
0.0104447
0.0107717
0.0110676
0.0113652
0.0116980
0.0120492
0.0124002
0.0127616
0.0131424
0.0135574
0.0139523
0.0143823
0.0147955
0.0152502
0.0156876
0.0161686
0.0166168
0.0169266
0.0172745
0.0176004
0.0179588
0.0183533
0.0187192
0.0191190
0.0194953
0.0199169
0.0203713
0.0207883
0.0212485
0.0216815
0.0221657
0.0226738
0.0231512
0.0236779
0.0241806
0.0247263
0.0253097
0.0258801
0.0264724
0.0270399
0.0276578
0.0282202
0.0285865
0.0289844
0.0293637
0.0297801
0.0302325
0.0306499
0.0311139
0.0316153
0.0320814
0.0325698
0.0330515
0.0335647
0.0340942
0.0346828
0.0352085
0.0357886
0.0363352
0.0369483
0.0376035
0.0382178
0.0388746
0.0395807
0.0402492
0.0409483
0.0414977
0.0419573
0.0423488
0.0428683
0.0433034
0.0438088
0.0442748
0.0447959
0.0453666
0.0458776
0.0464552
0.0470531
0.0476109
0.0482305
0.0487913
0.0494356
0.0500669
0.0507583
0.0513657
0.0520551
0.0527138
0.0534696
0.0541261
0.0547533
0.0554246
0.0558367
0.0559697
0.0561140
0.0561843
0.0562993
0.0563289
0.0563921
0.0565963
0.0566299
0.0568048
0.0568570
0.0569800
0.0569575
0.0569912
0.0570137
0.0569615
0.0569277
0.0569615
0.0569800
0.0570548
0.0570548
0.0570846
0.0570621
0.0570733
0.0571256
0.0569762
0.0564998
0.0559771
0.0554973
0.0550894
0.0546026
0.0542088
0.0538456
0.0533933
0.0530039
0.0526769
0.0523081
0.0519619
0.0515600
0.0512341
0.0509692
0.0506380
0.0503431
0.0500629
0.0498323
0.0495431
0.0493207
0.0490401
0.0488221
0.0486599
0.0480983
0.0473232
0.0465000
0.0457281
0.0450286
0.0442593
0.0435545
0.0429049
0.0421989
0.0415527
0.0408512
0.0402314
0.0396532
0.0390086
0.0384392
0.0378226
0.0372684
0.0367514
0.0361836
0.0356829
0.0351448
0.0346514
0.0342189
0.0337235
0.0332946
0.0325295
0.0315776
0.0306762
0.0297380
0.0288575
0.0280342
0.0271719
0.0263585
0.0255096
0.0247415
0.0240064
0.0232491
0.0225161
0.0217829
0.0211052
0.0204564
0.0197771
0.0191492
0.0185031
0.0179251
0.0173682
0.0167860
0.0162428
0.0156844
0.0151794
0.0145558
0.0137644
0.0130251
0.0122861
0.0115874
0.0109859
0.0104365
0.0098743
0.0093916
0.0090061
0.0085564
0.0081968
0.0079676
0.0076883
0.0074663
0.0073811
0.0072260
0.0071668
0.0072292
0.0072113
0.0072886
0.0074295
0.0075567
0.0077608
0.0080757
0.0082610
0.0084262
0.0086939
0.0088760
0.0091967
0.0093796
0.0096149
0.0098196
0.0100131
0.0101606
0.0102568
0.0102258
0.0101124
0.0099225
0.0099658
0.0100086
0.0100131
0.0100086
0.0098367
0.0096281
0.0094969
0.0093462
0.0092212
0.0091013
0.0089085
0.0086131
0.0082366
0.0077353
0.0072825
0.0070231
0.0067086
0.0062807
0.0063666
0.0065924
0.0069153
0.0073415
0.0079915
0.0087662
0.0092913
0.0100598
0.0110804
0.0106264
0.0109944
0.0114699
0.0118103
0.0122363
0.0128017
0.0133993
0.0140006
0.0146204
0.0151460
0.0155363
0.0158440
0.0163040
0.0166974
0.0170451
0.0175391
0.0178782
0.0182901
0.0186775
0.0190568
0.0194282
0.0198031
0.0199491
0.0200161
0.0200161
0.0203106
0.0206686
0.0208989
0.0211182
0.0213886
0.0216612
0.0219225
0.0221788
0.0223914
0.0225334
0.0224233
0.0223135
0.0221975
0.0219349
0.0216545
0.0213569
0.0213821
0.0212813
0.0207869
0.0201815
0.0195126
0.0187722
0.0182263
0.0177114
0.0171586
0.0164979
0.0157853
0.0150351
0.0140873
0.0130717
0.0117779
0.0104190
0.0092219
0.0082541
0.0076493
0.0066536
0.0056264
0.0053767
0.0050926
0.0047327
0.0042442
0.0037215
0.0032356
0.0028111
0.0025651
0.0024080
0.0021127
0.0018237
0.0015680
0.0014147
0.0013034
0.0012266
0.0011245
0.0010310
0.0009509
0.0007522
0.0005321
0.0003356
0.0001649
0.0000486
0.0000000
0.0000538
0.0002141
0.0005442
0.0008946
0.0013222
0.0018479
0.0023179
0.0027954
0.0032827
0.0037587
0.0039762
0.0040609
0.0041355
0.0041217
0.0042642
0.0044522
0.0043122
0.0043749
0.0047064
0.0052075
0.0055525
0.0055398
0.0055398
0.0054789
0.0054665
0.0053682
0.0051987
0.0050351
0.0047632
0.0044440
0.0041055
0.0037327
0.0033128
0.0028460
0.0024573
0.0020344
0.0015854
0.0012208
0.0008350
0.0004732
0.0002341
0.0000694
0.0000000
0.0000548
0.0001932
0.0004019
0.0006662
0.0009725
0.0013667
0.0017894
0.0020074
0.0021191
0.0021410
0.0020795
0.0019842
0.0019194
0.0021211
0.0026030
0.0028670
0.0033404
0.0031220
0.0033604
0.0031149
0.0027053
0.0024064
0.0021291
0.0016428
0.0012103
0.0008277
0.0004865
0.0002231
0.0000822
0.0000125
0.0000020
0.0000337
0.0001141
0.0002296
0.0003453
0.0004492
0.0005264
0.0005688
0.0005605
0.0005647
0.0006011
0.0007117
0.0012345
0.0012852
0.0013909
0.0014926
0.0015839
0.0016150
0.0015978
0.0015446
0.0014120
0.0012574
0.0010762
0.0008565
0.0006311
0.0003943
0.0001814
0.0000567
0.0000004
0.0000081
0.0001279
0.0003673
0.0006065
0.0009606
0.0013734
0.0018411
0.0023374
0.0028352
0.0033159
0.0035204
0.0035743
0.0035127
0.0032099
0.0029395
0.0027148
0.0035229
0.0039939
0.0041535
0.0039501
0.0034950
0.0026990
0.0023752
0.0020681
0.0014465
0.0008976
0.0004456
0.0001359
0.0000019
0.0000861
0.0004222
0.0010330
0.0019523
0.0032127
0.0047053
0.0065273
0.0086186
0.0109231
0.0131909
0.0154791
0.0179785
0.0205410
0.0230973
0.0256090
0.0280407
0.0303643
0.0325378
0.0353690
0.0383777
0.0417909
0.0454182
0.0488008
0.0536965
0.0571728
0.0600577
0.0638842
0.0674467
0.0690133
0.0710697
0.0728778
0.0727494
0.0733671
0.0735201
0.0721556
0.0715081
0.0701415
0.0677376
0.0659183
0.0635345
0.0607581
0.0578361
0.0549138
0.0517932
0.0486969
0.0455565
0.0423709
0.0393712
0.0365763
0.0338856
0.0311380
0.0284914
0.0258645
0.0233848
0.0209480
0.0186160
0.0163837
0.0142781
0.0122975
0.0104604
0.0087441
0.0071739
0.0057459
0.0044702
0.0033420
0.0023884
0.0015825
0.0009417
0.0004636
0.0001515
0.0000093
0.0000403
0.0002438
0.0006079
0.0010606
0.0016555
0.0023871
0.0032743
0.0042675
0.0054714
0.0068179
0.0083003
0.0099711
0.0118477
0.0138347
0.0161119
0.0186454
0.0213134
0.0241867
0.0274207
0.0307582
0.0345279
0.0385849
0.0428109
0.0472959
0.0522197
0.0572753
0.0625646
0.0679631
0.0731942
0.0778068
0.0824994
0.0871341
0.0918713
0.0966144
0.1012027
0.1064285
0.1116265
0.1171294
0.1226721
0.1275565
0.1322184
0.1367241
0.1420228
0.1475190
0.1530931
0.1584020
0.1636459
0.1688285
0.1739920
0.1790093
0.1838540
0.1889357
0.1921085
0.1949451
0.1952173
0.1949310
0.1934866
0.1913619
0.1948891
0.1953691
0.1950578
0.1957658
0.1949061
0.1928997
0.1923306
0.1900716
0.1875283
0.1849449
0.1818752
0.1787099
0.1752053
0.1722572
0.1693183
0.1666463
0.1661717
0.1666621
0.1678935
0.1679797
0.1682139
0.1684614
0.1684462
0.1691738
0.1694249
0.1689077
0.1633110
0.1632960
0.1607704
0.1590471
0.1588186
0.1591689
0.1597394
0.1609465
0.1629263
0.1653051
0.1682565
0.1723570
0.1777659
0.1825742
0.1875308
0.1938748
0.2008483
0.2066839
0.2129805
0.2194627
0.2256069
0.2299378
0.2324966
0.2332943
0.2331813
0.2322332
0.2317616
0.2308812
0.2293699
0.2271834
0.2265886
0.2272476
0.2281855
0.2258293
0.2282669
0.2278467
0.2260553
0.2252363
0.2230059
0.2200572
0.2173000
0.2132771
0.2091651
0.2048202
0.2001398
0.1951718
0.1898949
0.1824580
0.1751992
0.1681577
0.1614780
0.1571400
0.1536833
0.1510535
0.1484070
0.1463536
0.1449708
0.1437359
0.1419448
0.1395440
0.1348168
0.1289157
0.1262432
0.1254266
0.1232180
0.1210646
0.1196902
0.1188368
0.1181841
0.1180677
0.1182424
0.1187552
0.1196724
0.1194619
0.1196026
0.1200482
0.1208475
0.1222398
0.1233668
0.1249186
0.1268887
0.1286676
0.1307770
0.1330037
0.1354976
0.1358339
0.1354719
0.1346135
0.1335969
0.1321531
0.1300922
0.1299216
0.1298978
0.1296904
0.1297142
0.1291179
0.1286557
0.1276619
0.1259875
0.1273737
0.1265530
0.1254232
0.1243328
0.1226207
0.1212247
0.1195078
0.1176672
0.1155839
0.1137042
0.1117019
0.1095843
0.1075208
0.1052670
0.1030162
0.1009174
0.0986917
0.0966173
0.0944815
0.0925150
0.0905168
0.0886018
0.0865970
0.0848017
0.0829673
0.0810868
0.0791221
0.0772928
0.0753180
0.0734162
0.0716459
0.0697640
0.0680908
0.0663347
0.0650067
0.0638719
0.0628232
0.0615728
0.0603840
0.0593236
0.0584194
0.0576526
0.0570035
0.0567383
0.0566659
0.0567383
0.0573208
0.0581664
0.0588880
0.0588376
0.0589711
0.0590932
0.0592434
0.0596390
0.0601770
0.0578807
0.0564218
0.0550233
0.0543257
0.0538753
0.0531079
0.0522526
0.0515348
0.0508905
0.0504170
0.0499153
0.0494766
0.0490932
0.0486904
0.0483677
0.0479519
0.0475881
0.0471234
0.0466700
0.0461357
0.0455262
0.0445341
0.0434733
0.0424190
0.0413562
0.0403281
0.0393277
0.0383458
0.0377025
0.0370552
0.0366050
0.0356182
0.0353839
0.0348561
0.0343267
0.0341365
0.0338546
0.0336182
0.0335264
0.0333079
0.0331974
0.0331861
0.0332166
0.0332278
0.0332775
0.0333713
0.0335071
0.0330815
0.0326698
0.0322278
0.0318837
0.0315196
0.0312087
0.0309017
0.0305991
0.0303217
0.0300560
0.0298122
0.0295721
0.0293592
0.0291442
0.0289584
0.0288013
0.0286064
0.0284581
0.0282873
0.0281422
0.0280457
0.0280357
0.0279850
0.0279800
0.0281600
0.0277535
0.0271515
0.0267930
0.0263342
0.0260425
0.0257963
0.0255386
0.0253862
0.0253817
0.0252377
0.0251818
0.0252035
0.0252639
0.0253520
0.0254813
0.0256570
0.0258401
0.0260472
0.0263214
0.0266052
0.0268918
0.0272640
0.0276221
0.0280089
0.0283984
0.0286310
0.0282353
0.0278377
0.0275152
0.0271542
0.0268581
0.0265237
0.0262576
0.0259533
0.0257164
0.0254413
0.0252112
0.0249993
0.0247753
0.0245696
0.0243944
0.0241775
0.0240208
0.0238097
0.0236751
0.0235283
0.0234153
0.0232736
0.0231530
0.0230451
0.0229507
0.0222118
0.0214619
0.0207520
0.0202590
0.0196268
0.0191141
0.0187983
0.0183698
0.0180532
0.0179328
0.0176667
0.0175400
0.0174463
0.0173521
0.0173197
0.0173197
0.0173059
0.0174027
0.0174817
0.0175977
0.0177359
0.0179103
0.0180899
0.0183072
0.0185259
0.0183760
0.0180115
0.0177151
0.0174406
0.0171748
0.0169208
0.0166878
0.0164438
0.0162488
0.0160582
0.0158890
0.0157036
0.0155703
0.0154069
0.0152886
0.0151770
0.0150794
0.0149686
0.0149563
0.0149260
0.0148853
0.0149427
0.0150504
0.0151328
0.0152212
0.0150709
0.0146644
0.0142989
0.0139541
0.0136313
0.0133289
0.0130582
0.0127768
0.0125298
0.0122976
0.0120994
0.0119035
0.0116938
0.0115279
0.0113506
0.0112066
0.0110604
0.0109151
0.0107856
0.0106844
0.0105720
0.0104889
0.0103776
0.0103059
0.0101980
0.0100025
0.0095985
0.0092683
0.0090277
0.0087075
0.0084160
0.0081907
0.0079444
0.0077977
0.0076978
0.0075474
0.0074258
0.0074434
0.0073830
0.0073770
0.0074004
0.0074278
0.0074924
0.0075436
0.0076620
0.0077497
0.0079060
0.0080316
0.0082236
0.0083993
0.0085273
0.0084353
0.0083439
0.0082883
0.0082345
0.0081813
0.0081627
0.0081322
0.0081279
0.0081117
0.0080830
0.0080912
0.0080892
0.0081177
0.0081647
0.0081956
0.0082059
0.0082489
0.0083087
0.0083811
0.0084394
0.0085334
0.0086574
0.0087399
0.0088740
0.0089974
0.0088093
0.0086631
0.0085934
0.0084970
0.0084509
0.0085095
0.0085017
0.0085789
0.0087137
0.0087879
0.0089115
0.0091075
0.0093257
0.0095414
0.0098381
0.0102542
0.0106066
0.0110669
0.0115999
0.0121016
0.0126692
0.0133050
0.0139909
0.0147080
0.0154700
0.0158666
0.0163167
0.0168363
0.0173256
0.0178347
0.0184172
0.0190511
0.0196909
0.0203791
0.0210821
0.0218688
0.0226315
0.0234495
0.0242991
0.0251638
0.0261320
0.0270730
0.0280080
0.0290554
0.0300707
0.0311511
0.0322506
0.0334160
0.0346188
0.0358286
0.0364197
0.0369781
0.0375630
0.0381602
0.0388115
0.0394146
0.0400765
0.0407164
0.0414166
0.0421781
0.0428627
0.0436374
0.0443621
0.0451461
0.0459370
0.0467640
0.0476614
0.0486907
0.0495593
0.0505913
0.0516695
0.0526612
0.0537655
0.0548450
0.0562641
0.0568311
0.0572706
0.0580723
0.0592986
0.0603368
0.0615554
0.0633858
0.0650299
0.0670479
0.0693518
0.0715144
0.0740762
0.0768920
0.0796260
0.0826166
0.0859358
0.0893820
0.0930957
0.0969521
0.1012434
0.1059721
0.1105847
0.1156037
0.1212678
0.1268915
0.1312578
0.1358473
0.1399074
0.1445041
0.1491687
0.1540780
0.1583326
0.1629497
0.1682786
0.1741207
0.1805677
0.1875083
0.1917508
0.1953584
0.1986548
0.2015131
0.2046788
0.2076410
0.2102157
0.2142556
0.2185075
0.2226813
0.2270861
0.2314617
0.2354158
0.2375330
0.2395793
0.2414378
0.2432231
0.2436393
0.2442461
0.2442170
0.2436177
0.2427416
0.2459760
0.2466078
0.2468649
0.2475275
0.2469092
0.2450957
0.2441074
0.2421583
0.2390723
0.2364594
0.2335673
0.2301389
0.2265736
0.2234698
0.2205958
0.2179757
0.2134664
0.2087517
0.2043048
0.2005159
0.1972151
0.1943852
0.1916397
0.1892878
0.1872769
0.1856648
0.1844800
0.1837418
0.1831913
0.1816188
0.1796952
0.1800600
0.1812305
0.1832932
0.1790775
0.1785340
0.1783832
0.1775011
0.1779813
0.1790271
0.1804368
0.1811593
0.1815823
0.1822677
0.1832246
0.1845025
0.1859554
0.1874697
0.1893196
0.1911732
0.1931571
0.1952569
0.1973721
0.1995480
0.2012198
0.2025533
0.2036603
0.2045468
0.2056744
0.2067395
0.2075894
0.2066029
0.2049366
0.2027108
0.2010053
0.1991359
0.1959499
0.1926911
0.1900743
0.1878858
0.1829025
0.1773424
0.1707605
0.1677374
0.1640337
0.1596806
0.1560967
0.1517149
0.1473076
0.1427713
0.1382612
0.1336479
0.1291561
0.1247521
0.1205578
0.1165166
0.1127209
0.1091063
0.1057818
0.1027146
0.0999382
0.0968115
0.0931199
0.0896853
Standard deviation: 0.224663
