0.0000000
0.0000158
0.0000935
0.0000821
0.0001021
0.0001425
0.0001575
0.0002533
0.0002981
0.0004698
0.0005242
0.0007522
0.0008565
0.0012006
0.0013628
0.0000381
0.0000523
0.0000597
0.0000777
0.0000872
0.0001082
0.0001157
0.0001391
0.0001530
0.0001775
0.0001908
0.0002173
0.0002279
0.0002638
0.0002728
0.0003091
0.0003159
0.0003507
0.0003694
0.0003983
0.0004203
0.0004511
0.0004770
0.0005134
0.0005448
0.0005864
0.0006199
0.0006613
0.0006897
0.0005173
0.0005323
0.0005707
0.0005826
0.0006173
0.0006268
0.0006615
0.0006827
0.0007131
0.0007145
0.0007544
0.0001518
0.0000670
0.0000175
0.0000000
0.0000175
0.0000670
0.0001559
0.0002780
0.0004502
0.0006443
0.0009069
0.0011845
0.0015416
0.0019144
0.0023803
0.0028532
0.0034459
0.0040490
0.0045512
0.0054242
0.0062473
0.0071020
0.0080791
0.0090096
0.0168837
0.0152768
0.0132686
0.0114935
0.0098608
0.0083393
0.0070392
0.0057636
0.0045915
0.0036410
0.0027353
0.0019589
0.0013399
0.0008193
0.0004237
0.0001637
0.0000226
0.0000108
0.0001257
0.0003660
0.0007416
0.0019163
0.0020303
0.0021275
0.0021275
0.0022527
0.0024566
0.0025303
0.0025994
0.0026950
0.0028358
0.0029296
0.0030250
0.0031219
0.0033740
0.0034602
0.0034122
0.0035085
0.0036159
0.0037285
0.0038731
0.0040274
0.0041566
0.0042879
0.0044286
0.0045566
0.0047204
0.0048679
0.0050099
0.0051853
0.0053717
0.0055862
0.0057299
0.0058545
0.0060227
0.0062067
0.0064543
0.0066489
0.0068640
0.0070876
0.0073148
0.0075500
0.0077123
0.0079979
0.0082887
0.0085847
0.0089012
0.0092447
0.0095464
0.0098909
0.0101478
0.0104864
0.0108474
0.0112200
0.0118360
0.0122071
0.0125409
0.0125533
0.0129354
0.0133488
0.0137238
0.0140584
0.0143776
0.0146405
0.0149328
0.0156967
0.0160058
0.0162212
0.0160198
0.0163670
0.0167753
0.0171528
0.0174545
0.0177804
0.0181690
0.0184864
0.0188370
0.0192062
0.0196017
0.0200555
0.0205303
0.0210182
0.0214880
0.0219630
0.0224432
0.0229945
0.0235028
0.0235865
0.0240840
0.0246724
0.0252245
0.0257910
0.0267472
0.0273854
0.0279940
0.0285693
0.0291354
0.0296691
0.0302075
0.0309049
0.0315513
0.0320484
0.0325880
0.0331522
0.0337212
0.0343457
0.0348642
0.0354783
0.0361089
0.0367239
0.0372600
0.0377456
0.0380226
0.0387711
0.0389223
0.0391919
0.0394522
0.0398325
0.0403686
0.0408858
0.0414139
0.0419152
0.0424088
0.0429390
0.0433925
0.0437465
0.0441469
0.0445725
0.0450111
0.0456391
0.0463540
0.0470616
0.0477875
0.0484102
0.0490614
0.0497531
0.0504133
0.0510894
0.0518456
0.0527818
0.0537143
0.0546550
0.0547067
0.0553208
0.0560429
0.0567732
0.0575826
0.0584904
0.0594054
0.0603274
0.0612693
0.0626571
0.0634793
0.0641967
0.0650440
0.0658534
0.0662476
0.0664300
0.0664585
0.0667116
0.0668945
0.0670510
0.0672632
0.0674469
0.0675753
0.0677594
0.0685295
0.0688155
0.0689297
0.0691603
0.0693860
0.0697458
0.0698607
0.0699485
0.0700207
0.0700636
0.0703822
0.0707151
0.0712830
0.0715313
0.0716339
0.0717801
0.0718829
0.0719698
0.0713854
0.0715313
0.0718235
0.0721758
0.0725129
0.0727932
0.0731318
0.0734873
0.0737394
0.0741103
0.0744379
0.0744797
0.0747779
0.0749575
0.0752122
0.0755117
0.0759481
0.0763245
0.0768838
0.0775828
0.0781919
0.0786503
0.0783445
0.0786360
0.0790644
0.0797275
0.0804997
0.0812295
0.0817601
0.0820260
0.0823389
0.0828877
0.0835025
0.0842457
0.0848979
0.0852114
0.0853560
0.0854357
0.0856425
0.0858348
0.0860599
0.0864129
0.0867339
0.0868947
0.0871689
0.0874106
0.0874106
0.0878802
0.0885133
0.0891637
0.0899316
0.0901953
0.0903258
0.0904078
0.0904413
0.0904078
0.0904078
0.0902439
0.0910499
0.0910499
0.0908519
0.0901174
0.0896601
0.0890711
0.0885983
0.0879171
0.0872861
0.0865772
0.0858564
0.0850413
0.0842624
0.0832508
0.0822134
0.0808720
0.0796185
0.0782673
0.0768521
0.0754498
0.0755997
0.0746858
0.0739862
0.0731559
0.0722569
0.0712342
0.0703472
0.0694231
0.0684528
0.0671297
0.0661984
0.0650649
0.0638721
0.0627308
0.0615321
0.0602780
0.0591031
0.0578742
0.0566197
0.0555074
0.0542907
0.0532273
0.0519992
0.0509084
0.0498043
0.0488216
0.0476700
0.0466018
0.0455350
0.0447345
0.0435058
0.0424293
0.0413234
0.0400356
0.0386905
0.0372631
0.0359259
0.0345809
0.0332028
0.0319213
0.0306541
0.0294042
0.0282636
0.0273521
0.0265444
0.0258184
0.0253032
0.0248791
0.0245188
0.0242884
0.0241861
0.0238136
0.0235447
0.0232848
0.0228612
0.0223525
0.0217835
0.0212545
0.0203241
0.0193000
0.0182957
0.0175639
0.0167907
0.0160899
0.0154041
0.0147527
0.0141286
0.0135180
0.0129958
0.0125017
0.0120242
0.0117620
0.0115372
0.0114084
0.0112922
0.0111530
0.0111478
0.0112344
0.0111648
0.0103259
0.0100396
0.0097131
0.0093981
0.0091793
0.0090492
0.0089398
0.0088627
0.0088265
0.0087963
0.0088114
0.0088370
0.0088732
0.0089246
0.0089762
0.0090905
0.0092054
0.0093799
0.0096033
0.0098023
0.0100530
0.0103673
0.0106085
0.0109262
0.0111960
0.0115688
0.0119723
0.0124129
0.0128307
0.0133669
0.0139478
0.0145409
0.0151938
0.0157783
0.0163533
0.0171165
0.0178242
0.0187255
0.0195260
0.0203361
0.0210204
0.0218919
0.0227492
0.0235887
0.0243930
0.0252719
0.0261122
0.0270112
0.0278259
0.0287073
0.0295193
0.0303795
0.0312323
0.0321169
0.0330702
0.0342023
0.0351997
0.0363364
0.0373643
0.0384599
0.0395272
0.0406539
0.0417737
0.0429652
0.0440822
0.0452952
0.0464180
0.0475788
0.0486691
0.0499794
0.0510352
0.0523143
0.0534574
0.0548941
0.0560648
0.0574051
0.0588005
0.0602126
0.0616564
0.0632444
0.0646957
0.0663039
0.0679449
0.0695928
0.0714493
0.0732864
0.0752217
0.0771821
0.0795065
0.0815996
0.0839890
0.0867816
0.0892784
0.0920740
0.0950155
0.0979337
0.1010340
0.1042381
0.1074359
0.1108838
0.1143110
0.1178284
0.1214379
0.1250805
0.1288566
0.1327293
0.1368612
0.1409729
0.1453764
0.1500786
0.1545774
0.1595136
0.1645930
0.1697978
0.1751513
0.1809830
0.1860377
0.1910914
0.1961635
0.2011798
0.2064337
0.2118298
0.2169895
0.2215926
0.2260134
0.2302403
0.2338170
0.2369982
0.2398544
0.2423002
0.2459691
0.2498321
0.2535320
0.2568697
0.2602601
0.2635017
0.2666225
0.2691113
0.2709855
0.2728082
0.2740655
0.2747800
0.2792945
0.2812037
0.2854195
0.2881408
0.2880812
0.2906081
0.2901671
0.2916384
0.2905209
0.2878752
0.2862352
0.2842226
0.2803045
0.2774768
0.2737484
0.2697353
0.2654396
0.2615141
0.2573410
0.2534201
0.2495040
0.2457237
0.2422455
0.2389502
0.2359130
0.2331097
0.2305850
0.2284120
0.2258361
0.2231174
0.2206998
0.2182434
0.2160027
0.2138483
0.2118581
0.2098263
0.2085786
0.2075831
0.2068106
0.2060900
0.2055949
0.2052744
0.2052744
0.2051508
0.2048535
0.2042595
0.2031014
0.2021918
0.2013341
0.2004512
0.1994754
0.1983040
0.1969208
0.1953726
0.1935905
0.1915999
0.1901434
0.1884335
0.1868712
0.1855981
0.1843771
0.1832294
0.1821326
0.1810134
0.1798547
0.1783284
0.1764647
0.1747248
0.1723595
0.1718818
0.1702772
0.1696025
0.1684562
0.1678306
0.1673384
0.1666242
0.1662903
0.1660433
0.1658663
0.1657552
0.1657552
0.1657552
0.1659116
0.1661339
0.1664223
0.1668470
0.1673384
0.1679423
0.1684314
0.1691494
0.1697108
0.1703649
0.1707487
0.1713587
0.1719698
0.1726282
0.1731953
0.1738771
0.1744252
0.1749953
0.1755451
0.1761636
0.1764606
0.1770808
0.1774507
0.1781877
0.1789947
0.1792256
0.1806397
0.1811253
0.1823139
0.1832252
0.1841388
0.1852593
0.1862956
0.1872868
0.1883769
0.1893253
0.1903729
0.1913041
0.1927650
0.1940847
0.1954580
0.1967644
0.1984664
0.1999770
0.2016657
0.2032385
0.2048677
0.2064529
0.2081455
0.2099424
0.2118492
0.2138160
0.2157638
0.2178759
0.2198942
0.2222835
0.2246331
0.2263986
0.2285089
0.2312845
0.2339986
0.2371810
0.2403304
0.2435256
0.2466916
0.2493835
0.2511321
0.2529427
0.2556428
0.2581621
0.2608898
0.2635178
0.2660756
0.2689022
0.2715701
0.2739391
0.2763450
0.2791669
0.2821479
0.2850856
0.2875126
0.2901537
0.2926021
0.2949403
0.2971390
0.2992574
0.3011727
0.3031832
0.3050829
0.3070167
0.3088666
0.3105984
0.3121827
0.3135896
0.3139859
0.3139859
0.3136803
0.3130694
0.3119399
0.3112069
0.3097770
0.3091699
0.3082887
0.3072576
0.3061718
0.3027938
0.3013592
0.3015698
0.3043056
0.3013592
0.3015698
0.2996533
0.2968503
0.2946804
0.2914587
0.2881083
0.2843680
0.2805076
0.2764719
0.2721538
0.2676978
0.2632523
0.2585101
0.2540302
0.2496191
0.2454621
0.2411768
0.2370909
0.2331183
0.2292852
0.2258202
0.2228689
0.2207087
0.2187897
0.2162685
0.2140144
0.2114702
0.2094166
0.2073228
0.2051658
0.2031667
0.2012763
0.1995658
0.1978860
0.1959716
0.1941867
0.1922903
0.1899043
0.1873424
0.1845407
0.1814805
0.1779165
0.1742739
0.1701273
0.1658084
0.1638354
0.1605583
0.1574671
0.1554370
0.1525451
0.1494899
0.1465701
0.1434105
0.1402442
0.1369112
0.1333591
0.1298538
0.1261622
0.1223515
0.1188629
0.1148319
0.1108162
0.1069077
0.1032972
0.0994043
0.0956026
0.0920576
0.0886768
0.0856785
0.0831094
0.0809208
0.0790280
0.0778964
0.0771667
0.0767427
0.0766369
0.0760637
0.0755826
0.0752828
0.0750583
0.0746550
0.0739704
0.0742379
0.0741636
0.0741933
0.0716139
0.0708562
0.0702038
0.0693817
0.0686646
0.0682647
0.0680509
0.0678801
0.0678659
0.0677948
0.0679370
0.0679939
0.0686403
0.0692567
0.0700057
0.0707734
0.0713555
0.0720573
0.0727475
0.0732638
0.0737969
0.0742129
0.0746148
0.0749431
0.0753324
0.0755872
0.0757826
0.0762794
0.0767625
0.0773687
0.0779011
0.0785882
0.0791709
0.0798637
0.0800337
0.0806835
0.0810407
0.0816368
0.0824657
0.0831100
0.0838826
0.0848980
0.0856952
0.0867370
0.0878339
0.0888886
0.0900482
0.0914460
0.0926552
0.0940901
0.0958228
0.0973158
0.0987687
0.1003884
0.1018640
0.1036486
0.1051307
0.1067297
0.1083591
0.1100729
0.1118915
0.1137992
0.1157420
0.1176821
0.1198079
0.1218953
0.1239243
0.1260472
0.1282669
0.1305250
0.1327633
0.1350013
0.1372568
0.1396746
0.1422364
0.1449679
0.1476193
0.1503379
0.1530596
0.1559134
0.1590112
0.1622719
0.1653209
0.1687574
0.1719346
0.1752778
0.1785155
0.1817632
0.1858828
0.1900486
0.1934194
0.1973527
0.2016695
0.2059330
0.2104417
0.2149992
0.2195547
0.2242607
0.2293047
0.2339560
0.2389465
0.2438013
0.2491134
0.2542904
0.2595206
0.2642138
0.2693739
0.2742411
0.2791814
0.2838153
0.2881660
0.2923132
0.2961967
0.3006102
0.3047550
0.3088076
0.3115750
0.3133451
0.3150888
0.3163472
0.3181308
0.3197651
0.3211239
0.3248167
0.3293133
0.3342817
0.3405930
0.3433062
0.3450039
0.3466089
0.3492177
0.3516413
0.3540086
0.3561563
0.3569064
0.3575589
0.3595851
0.3607519
0.3618351
0.3633480
0.3671418
0.3669764
0.3688315
0.3686000
0.3658855
0.3645999
0.3622625
0.3570561
0.3546786
0.3497859
0.3438060
0.3387344
0.3330702
0.3268912
0.3203384
0.3142500
0.3079149
0.3017059
0.2956192
0.2905066
0.2859042
0.2818028
0.2781670
0.2756958
0.2739788
0.2730069
0.2726652
0.2731495
0.2743213
0.2759255
0.2757527
0.2744643
0.2758960
0.2727218
0.2718673
0.2712419
0.2710141
0.2717250
0.2729503
0.2747504
0.2771603
0.2798397
0.2833454
0.2870471
0.2911582
0.2953858
0.2998834
0.3046253
0.3094335
0.3142816
0.3194145
0.3245571
0.3297407
0.3348074
0.3400719
0.3446396
0.3487232
0.3526021
0.3560807
0.3595740
0.3628232
0.3657229
0.3695290
0.3734234
0.3769686
0.3804289
0.3832290
0.3858698
0.3884521
0.3908372
0.3941211
0.3973833
0.4008673
0.4027703
0.4045043
0.4065900
0.4093459
0.4116191
0.4133023
0.4148830
0.4166791
0.4184427
0.4201398
0.4217335
0.4224428
0.4233668
0.4238631
0.4240774
0.4279965
0.4294262
0.4299997
0.4319707
0.4306079
0.4318995
0.4289266
0.4284614
0.4230117
0.4213088
0.4147744
0.4113719
0.4054059
0.3985176
0.3931239
0.3865781
0.3798870
0.3733523
0.3667114
0.3603566
0.3539619
0.3481072
0.3430039
0.3385102
0.3345195
0.3297061
0.3250511
0.3206156
0.3167321
0.3127803
0.3091276
0.3056762
0.3035363
0.3018845
0.3007455
0.2999976
0.2992749
0.2984083
0.2966219
0.2941591
0.2934781
0.2931238
0.2929760
0.2926806
0.2925330
0.2890592
0.2874172
0.2855761
0.2842650
0.2834502
0.2827241
0.2825790
0.2825214
0.2825790
0.2831020
0.2839740
0.2849351
0.2863638
0.2879145
0.2902343
0.2922075
0.2946990
0.2979982
0.3009260
0.3042598
0.3083694
0.3120489
0.3162105
0.3206474
0.3249276
0.3292361
0.3337631
0.3374322
0.3408026
0.3439331
0.3466926
0.3504960
0.3540598
0.3574136
0.3607181
0.3638079
0.3665462
0.3692289
0.3723866
0.3754250
0.3787103
0.3819613
0.3850384
0.3881953
0.3912297
0.3946513
0.3979867
0.4012648
0.4046969
0.4082820
0.4121637
0.4160275
0.4211144
0.4261248
0.4320614
0.4378957
0.4443147
0.4508531
0.4578818
0.4629200
0.4677251
0.4724030
0.4768799
0.4805817
0.4836920
0.4864679
0.4895343
0.4923665
0.4949750
0.4970894
0.5004058
0.5038101
0.5070718
0.5102264
0.5141327
0.5182911
0.5221499
0.5256273
0.5293558
0.5330562
0.5369695
0.5409387
0.5454053
0.5502952
0.5561435
0.5627178
0.5702791
0.5783059
0.5837578
0.5878959
0.5908292
0.5951194
0.5987076
0.6016676
0.6041265
0.6061653
0.6082920
0.6099961
0.6111911
0.6111911
0.6102534
0.6085490
0.6062936
0.6053157
0.6042545
0.6035743
0.6029384
0.6027265
0.6026425
0.6006935
0.5976921
0.5944045
0.5909160
0.5893219
0.5911258
0.5899940
0.5886105
0.5870934
0.5850869
0.5825846
0.5792956
0.5755198
0.5713865
0.5667718
0.5616471
0.5562574
0.5505308
0.5445108
0.5376438
0.5301828
0.5233660
0.5156131
0.5080355
0.5003974
0.4926256
0.4851799
0.4775277
0.4704235
0.4633725
0.4571126
0.4512618
0.4458852
0.4400839
0.4343435
0.4290691
0.4240414
0.4196100
0.4154112
0.4116892
0.4083327
0.4046427
0.4007966
0.3972447
0.3953193
0.3940156
0.3927495
0.3905616
0.3878022
0.3869529
0.3868183
0.3871227
0.3862741
0.3853593
0.3843755
0.3813359
0.3798206
0.3778715
0.3758732
0.3747029
0.3739342
0.3735343
0.3737673
0.3740349
0.3748036
0.3758068
0.3770454
0.3782541
0.3799692
0.3814848
0.3835774
0.3855412
0.3876125
0.3898597
0.3928653
0.3959859
0.3988070
0.4022285
0.4063244
0.4100581
0.4141936
0.4182798
0.4226338
0.4268790
0.4312063
0.4354468
0.4398172
0.4442095
0.4484407
0.4527650
0.4570367
0.4609578
0.4642993
0.4673180
0.4699722
0.4724822
0.4771479
0.4815328
0.4859743
0.4895595
0.4931184
0.4966139
0.5000053
0.5044540
0.5093518
0.5132953
0.5175685
0.5215030
0.5256503
0.5282003
0.5310602
0.5339686
0.5364850
0.5388070
0.5407325
0.5421383
0.5433448
0.5441499
0.5439485
0.5431024
0.5417365
0.5410929
0.5402103
0.5392078
0.5378853
0.5387273
0.5394082
0.5405318
0.5395290
0.5380855
0.5374055
0.5370849
0.5369644
0.5366054
0.5359430
0.5335479
0.5313165
0.5282959
0.5248501
0.5209028
0.5165379
0.5119184
0.5133641
0.5114104
0.5085641
0.5066195
0.5035159
0.4996873
0.4954516
0.4895898
0.4851682
0.4792925
0.4731135
0.4667138
0.4602841
0.4534937
0.4464262
0.4393052
0.4323130
0.4249938
0.4179403
0.4105265
0.4034213
0.3961379
0.3896020
0.3834585
0.3777659
0.3723827
0.3673369
0.3627514
0.3586850
0.3549351
0.3516904
0.3489753
0.3467544
0.3451163
0.3438984
0.3432585
0.3418208
0.3396536
0.3380324
0.3386042
0.3397494
0.3415017
0.3364850
0.3352501
0.3339243
0.3328838
0.3324115
0.3325063
0.3329786
0.3339870
0.3352196
0.3367387
0.3383876
0.3402322
0.3422088
0.3441603
0.3463417
0.3482079
0.3501433
0.3521816
0.3539010
0.3554618
0.3567649
0.3593780
0.3620344
0.3635793
0.3659865
0.3686431
0.3714998
0.3738987
0.3766081
0.3794610
0.3820888
0.3854030
0.3878137
0.3907436
0.3937174
0.3967378
0.3997697
0.4029863
0.4058681
0.4086214
0.4113122
0.4139780
0.4165464
0.4190162
0.4211390
0.4235881
0.4257225
0.4279697
0.4301150
0.4319437
0.4336011
0.4350400
0.4364097
0.4376010
0.4386131
0.4396612
0.4411102
0.4425267
0.4442719
0.4461654
0.4462753
0.4471874
0.4483558
0.4494905
0.4499294
0.4500397
0.4498566
0.4505891
0.4514680
0.4510285
0.4515785
0.4532684
0.4552920
0.4576893
0.4586509
0.4592791
0.4598981
0.4604536
0.4606388
0.4605653
0.4602684
0.4596015
0.4585654
0.4582691
0.4607123
0.4618627
0.4623074
0.4611565
0.4610093
0.4576418
0.4526324
0.4487846
0.4450603
0.4383117
0.4325829
0.4259300
0.4187985
0.4114106
0.4037772
0.3963870
0.3885546
0.3812173
0.3738707
0.3677532
0.3624421
0.3576591
0.3536212
0.3498982
0.3468682
0.3445248
0.3410399
0.3376054
0.3344413
0.3317311
0.3309754
0.3304423
0.3287188
0.3265615
0.3266556
0.3275301
0.3239155
0.3222091
0.3205072
0.3193947
0.3189933
0.3190545
0.3196446
0.3207869
0.3224280
0.3245717
0.3270643
0.3300689
0.3333400
0.3369111
0.3409160
0.3450413
0.3491581
0.3535594
0.3579235
0.3621162
0.3660371
0.3697131
0.3731400
0.3757458
0.3780251
0.3797397
0.3826390
0.3856166
0.3882656
0.3906501
0.3931804
0.3960269
0.3989521
0.4019237
0.4056014
0.4094343
0.4137784
0.4180754
0.4227832
0.4276958
0.4328534
0.4377524
0.4428605
0.4480360
0.4543067
0.4607327
0.4678763
0.4756004
0.4794112
0.4850609
0.4905130
0.4957272
0.5005826
0.5050738
0.5091181
0.5129831
0.5165077
0.5195321
0.5219361
0.5225278
0.5219361
0.5205162
0.5180375
0.5167817
0.5155647
0.5153688
0.5166633
0.5160750
0.5139578
0.5113399
0.5084939
0.5109497
0.5108320
0.5106369
0.5103243
0.5091552
0.5074812
0.5052677
0.5025155
0.4996942
0.4961878
0.4923108
0.4880584
0.4834539
0.4787574
0.4738213
0.4686498
0.4634684
0.4578730
0.4522008
0.4463817
0.4404191
0.4339941
0.4271519
0.4207518
0.4138396
0.4066006
0.3995295
0.3922817
0.3850652
0.3776469
0.3704351
0.3635879
0.3570014
0.3507007
0.3446800
0.3396019
0.3352335
0.3312947
0.3278774
0.3245717
0.3216856
0.3191819
0.3163807
0.3138371
0.3115479
0.3096309
0.3079914
0.3055417
0.3033736
0.3026225
0.3024724
0.3027726
0.3033140
0.2988499
0.2967930
0.2946563
0.2927031
0.2915230
0.2906092
0.2900792
0.2901096
0.2908962
0.2919274
0.2935517
0.2958942
0.2979762
0.3003956
0.3032443
0.3063800
0.3098355
0.3133710
0.3170802
0.3209045
0.3248134
0.3289024
0.3327022
0.3368733
0.3408779
0.3449698
0.3491834
0.3532940
0.3576565
0.3617175
0.3661970
0.3704377
0.3748036
0.3791285
0.3838178
0.3887400
0.3930410
0.3975377
0.4019231
0.4061223
0.4110428
0.4160297
0.4213640
0.4268771
0.4314919
0.4369955
0.4422087
0.4477458
0.4531336
0.4588116
0.4641530
0.4694514
0.4748150
0.4801342
0.4851425
0.4899102
0.4945051
0.4990091
0.5037635
0.5082533
0.5125424
0.5175202
0.5223249
0.5272671
0.5322742
0.5364261
0.5403934
0.5442536
0.5478036
0.5511246
0.5539645
0.5553067
0.5579154
0.5605684
0.5632704
0.5665137
0.5698048
0.5729421
0.5763770
0.5777461
0.5798656
0.5821537
0.5843638
0.5864953
0.5883038
0.5900623
0.5945606
0.6000046
0.6058142
0.6093461
0.6121631
0.6147279
0.6207382
0.6257834
0.6305414
0.6346248
0.6375857
0.6410362
0.6436606
0.6452399
0.6474338
0.6484913
0.6480519
0.6488848
0.6485781
0.6424342
0.6367145
0.6350597
0.6273807
0.6245949
0.6164665
0.6068132
0.5996467
0.5907995
0.5816841
0.5737974
0.5658835
0.5585128
0.5516383
0.5458935
0.5409020
0.5369327
0.5330198
0.5297537
0.5273315
0.5257474
0.5250759
0.5254299
0.5255496
0.5247586
0.5238487
0.5251540
0.5268154
0.5187215
0.5176629
0.5162894
0.5146810
0.5146036
0.5155420
0.5168778
0.5190382
0.5219135
0.5256290
0.5297548
0.5346531
0.5400168
0.5451259
0.5510269
0.5567985
0.5631717
0.5688820
0.5748279
0.5808482
0.5867299
0.5921381
0.5977820
0.6032407
0.6061276
0.6080413
0.6090214
0.6087105
0.6095625
0.6103306
0.6106725
0.6134481
0.6167880
0.6203519
0.6238852
0.6251346
0.6256109
0.6262587
0.6274695
0.6295025
0.6312808
0.6323655
0.6343653
0.6367586
0.6393746
0.6423467
0.6435729
0.6445359
0.6453257
0.6462029
0.6461160
0.6459420
0.6457331
0.6457331
0.6456881
0.6489397
0.6499069
0.6523748
0.6523296
0.6536981
0.6540943
0.6538311
0.6529034
0.6525953
0.6493344
0.6445920
0.6413092
0.6361161
0.6277407
0.6208812
0.6120512
0.6031566
0.5936961
0.5833933
0.5718992
0.5627695
0.5525369
0.5418257
0.5308301
0.5212089
0.5125349
0.5047089
0.4975206
0.4917227
0.4868735
0.4829578
0.4801920
0.4761899
0.4725798
0.4695079
0.4668552
0.4628731
0.4589440
0.4566543
0.4550691
0.4458351
0.4415811
0.4376717
0.4333121
0.4299763
0.4274379
0.4255844
0.4240541
0.4228267
0.4216211
0.4208060
0.4205584
0.4208060
0.4212309
0.4222237
0.4234661
0.4262418
0.4281330
0.4309954
0.4352350
0.4381209
0.4423229
0.4471651
0.4510794
0.4556006
0.4602557
0.4645988
0.4697481
0.4745497
0.4796401
0.4849862
0.4905144
0.4963818
0.5021940
0.5072358
0.5124982
0.5178273
0.5218419
0.5250015
0.5278932
0.5301963
0.5313100
0.5317081
0.5313100
0.5301563
0.5299575
0.5296395
0.5288060
0.5280915
0.5283298
0.5294016
0.5291630
0.5276549
0.5257930
0.5233417
0.5255160
0.5254370
0.5248038
0.5222747
0.5179830
0.5144529
0.5087910
0.5016899
0.4949459
0.4861519
0.4760043
0.4680155
0.4575059
0.4464226
0.4371336
0.4271570
0.4169431
0.4067832
0.3979530
0.3898326
0.3824374
0.3758157
0.3701814
0.3654795
0.3616284
0.3578630
0.3547023
0.3523001
0.3506173
0.3475250
0.3433855
0.3407675
0.3392715
0.3339504
0.3304892
0.3269208
0.3235896
0.3212647
0.3196267
0.3185475
0.3180855
0.3182705
0.3184549
0.3186401
0.3191024
0.3199971
0.3217291
0.3239002
0.3262661
0.3278270
0.3292660
0.3304892
0.3310228
0.3303323
0.3306224
0.3306849
0.3321937
0.3338316
0.3349365
0.3362966
0.3376594
0.3389928
0.3402977
0.3412537
0.3421474
0.3431060
0.3439697
0.3449309
0.3458934
0.3470180
0.3477583
0.3489502
0.3501769
0.3512440
0.3511467
0.3510177
0.3506616
0.3508877
0.3511467
0.3514703
0.3521066
0.3533389
0.3542152
0.3546049
0.3547674
0.3543777
0.3539882
0.3537281
0.3531436
0.3525926
0.3521066
0.3511355
0.3500043
0.3488419
0.3474894
0.3457857
0.3441499
0.3461707
0.3454648
0.3444702
0.3439261
0.3422311
0.3368238
0.3329379
0.3288861
0.3253097
0.3206860
0.3142881
0.3066221
0.3001271
0.2937016
0.2873158
0.2807404
0.2747269
0.2687223
0.2630353
0.2581304
0.2537120
0.2498493
0.2464763
0.2435578
0.2411118
0.2391330
0.2378531
0.2360187
0.2343777
0.2330582
0.2314006
0.2289379
0.2262037
0.2247881
0.2237541
0.2232892
0.2228760
0.2190272
0.2174204
0.2159463
0.2147803
0.2138958
0.2137195
0.2141484
0.2146539
0.2159967
0.2180572
0.2196664
0.2220014
0.2258245
0.2288962
0.2329891
0.2383962
0.2424918
0.2480894
0.2544388
0.2602272
0.2661366
0.2720558
0.2781511
0.2844928
0.2907308
0.2965289
0.3022653
0.3074797
0.3121916
0.3164759
0.3205443
0.3242634
0.3275675
0.3304176
0.3326501
0.3344165
0.3357430
0.3372634
0.3401552
0.3428666
0.3450440
0.3464578
0.3478412
0.3488077
0.3496781
0.3567195
0.3592675
0.3617795
0.3643454
0.3653345
0.3647061
0.3653345
0.3637520
0.3603346
0.3582081
0.3542313
0.3496644
0.3451271
0.3397906
0.3333917
0.3284302
0.3223560
0.3163703
0.3105009
0.3044166
0.2984797
0.2928101
0.2886289
0.2849449
0.2820387
0.2796074
0.2770728
0.2748062
0.2732270
0.2716601
0.2704939
0.2697847
0.2695012
0.2691324
0.2678304
0.2658275
0.2641973
0.2632163
0.2627964
0.2623769
0.2578651
0.2557905
0.2538877
0.2521575
0.2516097
0.2513359
0.2516097
0.2521575
0.2527888
0.2541628
0.2557359
0.2576168
0.2594756
0.2616318
0.2642351
0.2668808
0.2697373
0.2727516
0.2759260
0.2791187
0.2824477
0.2857660
0.2893666
0.2928728
0.2966076
0.3002164
0.3042390
0.3082883
0.3125488
0.3169281
0.3211541
0.3257813
0.3301899
0.3342500
0.3383350
0.3424115
0.3467400
0.3509004
0.3549229
0.3591048
0.3632734
0.3677315
0.3722479
0.3764569
0.3820063
0.3873237
0.3921970
0.3966888
0.4007240
0.4069708
0.4127033
0.4176635
0.4232227
0.4282827
0.4341628
0.4399020
0.4456069
0.4506879
0.4564620
0.4620099
0.4675954
0.4732887
0.4793549
0.4850439
0.4912190
0.4970137
0.5028064
0.5085149
0.5142148
0.5192785
0.5244451
0.5294018
0.5334220
0.5369365
0.5400239
0.5427135
0.5463803
0.5499794
0.5531844
0.5563135
0.5603155
0.5639984
0.5680662
0.5722303
0.5768241
0.5795650
0.5838971
0.5871555
0.5900037
0.5933684
0.5963590
0.6009647
0.6061413
0.6124474
0.6181871
0.6239985
0.6298776
0.6362196
0.6398845
0.6429899
0.6457511
0.6486967
0.6522182
0.6555743
0.6585837
0.6618683
0.6651562
0.6682341
0.6717196
0.6769673
0.6812401
0.6861199
0.6887454
0.6895147
0.6917679
0.6916781
0.6874622
0.6855167
0.6823100
0.6735423
0.6665708
0.6586570
0.6454309
0.6371219
0.6250225
0.6110286
0.5987538
0.5872744
0.5763636
0.5661281
0.5558613
0.5462557
0.5376547
0.5302308
0.5243231
0.5196692
0.5162894
0.5153094
0.5151910
0.5160157
0.5160004
0.5043415
0.5002396
0.4953858
0.4931594
0.4945416
0.4941943
0.4967313
0.4995842
0.5034497
0.5081884
0.5137686
0.5185149
0.5234021
0.5280729
0.5318890
0.5349200
0.5370386
0.5383188
0.5383188
0.5371180
0.5346792
0.5344796
0.5342010
0.5334034
0.5328232
0.5318275
0.5323457
0.5335003
0.5317484
0.5294417
0.5262690
0.5312306
0.5309118
0.5308328
0.5300376
0.5288054
0.5272188
0.5249625
0.5223948
0.5193996
0.5162572
0.5126531
0.5091416
0.5052142
0.5010320
0.4968672
0.4927960
0.4885140
0.4840973
0.4800788
0.4759800
0.4720338
0.4682908
0.4637809
0.4592927
0.4554165
0.4515192
0.4459966
0.4411978
0.4362796
0.4333631
0.4302773
0.4271317
0.4240339
0.4211587
0.4171647
0.4133652
0.4108763
0.4090592
0.4075589
0.4065833
0.4057136
0.4051922
0.4049148
0.4051922
0.4029499
0.3999410
0.3966674
0.3945040
0.3923806
0.3905368
0.3885604
0.3861138
0.3843178
0.3824587
0.3808404
0.3793929
0.3778813
0.3763721
0.3748998
0.3734311
0.3718644
0.3704679
0.3691730
0.3680131
0.3669866
0.3658301
0.3642467
0.3609268
0.3592563
0.3575239
0.3556286
0.3539381
0.3524452
0.3514414
0.3502452
0.3495345
0.3491797
0.3495988
0.3495023
0.3502452
0.3510856
0.3519915
0.3529644
0.3547505
0.3561171
0.3580419
0.3606272
0.3624652
0.3649350
0.3676775
0.3703304
0.3731601
0.3761001
0.3791868
0.3818136
0.3842518
0.3865904
0.3887320
0.3911861
0.3936146
0.3956380
0.3975295
0.4010132
0.4046166
0.4085503
0.4120826
0.4155243
0.4181677
0.4212442
0.4243681
0.4279325
0.4312960
0.4347085
0.4384239
0.4420467
0.4460845
0.4493719
0.4527819
0.4559096
0.4590856
0.4623836
0.4656600
0.4691300
0.4722016
0.4749069
0.4775438
0.4797347
0.4832201
0.4864520
0.4899997
0.4935222
0.4958639
0.4978260
0.4995236
0.5030403
0.5070377
0.5111648
0.5146067
0.5178625
0.5213256
0.5247217
0.5275326
0.5304314
0.5334569
0.5364128
0.5388143
0.5416276
0.5446047
0.5473898
0.5495712
0.5513535
0.5528149
0.5561488
0.5596547
0.5629703
0.5663347
0.5690060
0.5715218
0.5740841
0.5766111
0.5787265
0.5805984
0.5823889
0.5840563
0.5848909
0.5860196
0.5876074
0.5893256
0.5901224
0.5920107
0.5927677
0.5934399
0.5941996
0.5948290
0.5956295
0.5972758
0.5989625
0.6004857
0.5951666
0.5868556
0.5840563
0.5791848
0.5766951
0.5720609
0.5595755
0.5491685
0.5406619
0.5286456
0.5181794
0.5042027
0.4899230
0.4768259
0.4630141
0.4490048
0.4354979
0.4219145
0.4086140
0.3960891
0.3833072
0.3711021
0.3590586
0.3477635
0.3371240
0.3271163
0.3177527
0.3096488
0.3023400
0.2957706
0.2899204
0.2842150
0.2791713
0.2746612
0.2716926
0.2681467
0.2643988
0.2632220
0.2538933
0.2492112
0.2455437
0.2417439
0.2384789
0.2359259
0.2340723
0.2326207
0.2317783
0.2313584
0.2310700
0.2313584
0.2319372
0.2328060
0.2340201
0.2355530
0.2374386
0.2395989
0.2419827
0.2446498
0.2475492
0.2507375
0.2544980
0.2579803
0.2618513
0.2665092
0.2705557
0.2751485
0.2799814
0.2850613
0.2901270
0.2954443
0.3011000
0.3070035
0.3129301
0.3190087
0.3251458
0.3315604
0.3379438
0.3446093
0.3515059
0.3584365
0.3654325
0.3725663
0.3786901
0.3844585
0.3899297
0.3951641
0.4001586
0.4049034
0.4092259
0.4147636
0.4203758
0.4257023
0.4309916
0.4368213
0.4428335
0.4489220
0.4554963
0.4627509
0.4702471
0.4782579
0.4861864
0.4942151
0.5028517
0.5119563
0.5213785
0.5312058
0.5409212
0.5509302
0.5609041
0.5712609
0.5817095
0.5907839
0.5994226
0.6079502
0.6161126
0.6239378
0.6314214
0.6383846
0.6451236
0.6515443
0.6573765
0.6626868
0.6685246
0.6741640
0.6795546
0.6846073
0.6898574
0.6945831
0.6994631
0.7044955
0.7093163
0.7146634
0.7200764
0.7239262
0.7274159
0.7306349
0.7331104
0.7350761
0.7353562
0.7345622
0.7347005
0.7398151
0.7426803
0.7444233
0.7451298
0.7471115
0.7459744
0.7419268
0.7395260
0.7344620
0.7270867
0.7232741
0.7163231
0.7073416
0.7000111
0.6916762
0.6831628
0.6744808
0.6667425
0.6592731
0.6523301
0.6460384
0.6408716
0.6366363
0.6334148
0.6286007
0.6238899
0.6197564
0.6161495
0.6144794
0.6137508
0.6137993
0.6127287
0.6090582
0.6051024
0.6040854
0.6031513
0.6033633
0.5968076
0.5940263
0.5911267
0.5885266
0.5870185
0.5860170
0.5858908
0.5861411
0.5870185
0.5880250
0.5898250
0.5918396
0.5940263
0.5971458
0.6004829
0.6040834
0.6080379
0.6124749
0.6171846
0.6214838
0.6254500
0.6298189
0.6341153
0.6386457
0.6429720
0.6477522
0.6521544
0.6567473
0.6613137
0.6658044
0.6704006
0.6750126
0.6800458
0.6849616
0.6897165
0.6940284
0.6982647
0.7026516
0.7067302
0.7104077
0.7140015
0.7193157
0.7244189
0.7302396
0.7361566
0.7390174
0.7428711
0.7468768
0.7506076
0.7545869
0.7586219
0.7622881
0.7654379
0.7687371
0.7717081
0.7746848
0.7783884
0.7820528
0.7861627
0.7903306
0.7917388
0.7922246
0.7921762
0.7928568
0.7934409
0.7936829
0.7935861
0.7936345
0.7935377
0.7930649
0.7920929
0.7908787
0.7894222
0.7877746
0.7882591
0.7889380
0.7897139
0.7910247
0.7896655
0.7893255
0.7901015
0.7902474
0.7901015
0.7900532
0.7895688
0.7884041
0.7870471
0.7850637
0.7831293
0.7817777
0.7802823
0.7785947
0.7754668
0.7722496
0.7728251
0.7724170
0.7710738
0.7704504
0.7691566
0.7642814
0.7579468
0.7532961
0.7461590
0.7350236
0.7256457
0.7140199
0.6987405
0.6849371
0.6714486
0.6540717
0.6386229
0.6250401
0.6123724
0.6005538
0.5898555
0.5769292
0.5641869
0.5522769
0.5430248
0.5353679
0.5288793
0.5232966
0.5182538
0.5140569
0.5111644
0.5044343
0.4945571
0.4859183
0.4807186
0.4766017
0.4714148
0.4686443
0.4665169
0.4643565
0.4630925
0.4622381
0.4628698
0.4635381
0.4647657
0.4668899
0.4692803
0.4722768
0.4756975
0.4791681
0.4829922
0.4870732
0.4913110
0.4954917
0.4996508
0.5038272
0.5080985
0.5119970
0.5161466
0.5201151
0.5237842
0.5271477
0.5301245
0.5329510
0.5363040
0.5392665
0.5423183
0.5467092
0.5508335
0.5555845
0.5607240
0.5653530
0.5685595
0.5729308
0.5768639
0.5815589
0.5869428
0.5920750
0.5974641
0.6035136
0.6092970
0.6153621
0.6217605
0.6283211
0.6351769
0.6420264
0.6479460
0.6527447
0.6581371
0.6639977
0.6697028
0.6751200
0.6801997
0.6846643
0.6886905
0.6920006
0.6959124
0.6996523
0.7031279
0.7065651
0.7093208
0.7116672
0.7135931
0.7151621
0.7156698
0.7164086
0.7182119
0.7197859
0.7193229
0.7186746
0.7168247
0.7157616
0.7141932
0.7124853
0.7154848
0.7162235
0.7171018
0.7174249
0.7159925
0.7126712
0.7108748
0.7064623
0.7001897
0.6948547
0.6878183
0.6800975
0.6725551
0.6639864
0.6539966
0.6451961
0.6354113
0.6251826
0.6151221
0.6047186
0.5942353
0.5836787
0.5733802
0.5628870
0.5527744
0.5425534
0.5334240
0.5246869
0.5163760
0.5081314
0.5002625
0.4927999
0.4858108
0.4779661
0.4703725
0.4630993
0.4558836
0.4503708
0.4455475
0.4411037
0.4354294
0.4297206
0.4241202
0.4186621
0.4146107
0.4101582
0.4050692
0.4007372
0.3973574
0.3948157
0.3928284
0.3916658
0.3910168
0.3911195
0.3836441
0.3805727
0.3775145
0.3749691
0.3732332
0.3721331
0.3716007
0.3716669
0.3722333
0.3733667
0.3749263
0.3767670
0.3785118
0.3807321
0.3831947
0.3858697
0.3884166
0.3913825
0.3929550
0.3941883
0.3950115
0.3954237
0.3966603
0.3978297
0.3987253
0.3992087
0.4005552
0.4019728
0.4032888
0.4044684
0.4055113
0.4068330
0.4080879
0.4103224
0.4125991
0.4154441
0.4187583
0.4223338
0.4263879
0.4307126
0.4353108
0.4405852
0.4460741
0.4520006
0.4571902
0.4585942
0.4626697
0.4664282
0.4705389
0.4748926
0.4797204
0.4842690
0.4891053
0.4938893
0.4985812
0.5030625
0.5073313
0.5112659
0.5146282
0.5174912
0.5198901
0.5217021
0.5232018
0.5233599
0.5236361
0.5235574
0.5234786
0.5230044
0.5221758
0.5228463
0.5245454
0.5264050
0.5292610
0.5295790
0.5293401
0.5293804
0.5285072
0.5267617
0.5247036
0.5258110
0.5233992
0.5235574
0.5237156
0.5218207
0.5226883
0.5215050
0.5197844
0.5166398
0.5119412
0.5081986
0.5027256
0.4961288
0.4898808
0.4823059
0.4738136
0.4658796
0.4569801
0.4469238
0.4386775
0.4291113
0.4192985
0.4098428
0.4016016
0.3940261
0.3870665
0.3802361
0.3740002
0.3683786
0.3634911
0.3578850
0.3524838
0.3475743
0.3428147
0.3390216
0.3358505
0.3325368
0.3275502
0.3225390
0.3194154
0.3167365
0.3140080
0.3098312
0.3024608
0.2975866
0.2939938
0.2900115
0.2859980
0.2826501
0.2794954
0.2767317
0.2741816
0.2718996
0.2700238
0.2683244
0.2669120
0.2657289
0.2647169
0.2638978
0.2629454
0.2621063
0.2612125
0.2611012
0.2612404
0.2610452
0.2615197
0.2619108
0.2624137
0.2631972
0.2642626
0.2650771
0.2661461
0.2674152
0.2687436
0.2703307
0.2722075
0.2740334
0.2759517
0.2782506
0.2809352
0.2831675
0.2858754
0.2888313
0.2916907
0.2947652
0.2980641
0.3012619
0.3046579
0.3081934
0.3117800
0.3155102
0.3193240
0.3231294
0.3273016
0.3314056
0.3349349
0.3394683
0.3438720
0.3484330
0.3532833
0.3574815
0.3622959
0.3644349
0.3657872
0.3665472
0.3666131
0.3674069
0.3679700
0.3679848
0.3679179
0.3670917
0.3656038
0.3641528
0.3650434
0.3662643
0.3650423
0.3676866
0.3684487
0.3692775
0.3698083
0.3683160
0.3665947
0.3638889
0.3591299
0.3565166
0.3516112
0.3456156
0.3408493
0.3352312
0.3292210
0.3231099
0.3171172
0.3108761
0.3048178
0.2992266
0.2941695
0.2891571
0.2840998
0.2796943
0.2756364
0.2720647
0.2687992
0.2654127
0.2621875
0.2593988
0.2564868
0.2537845
0.2511777
0.2487488
0.2468187
0.2451930
0.2437622
0.2425777
0.2416112
0.2409661
0.2395212
0.2371757
0.2359535
0.2351588
0.2347880
0.2344159
0.2340719
0.2337558
0.2333325
0.2329649
0.2324903
0.2319367
0.2318848
0.2288708
0.2276444
0.2263700
0.2246582
0.2232361
0.2218963
0.2210245
0.2198176
0.2187685
0.2176481
0.2167312
0.2159681
0.2152579
0.2146519
0.2142463
0.2141964
0.2139554
0.2137014
0.2136018
0.2134492
0.2132237
0.2131225
0.2129701
0.2126438
0.2123161
0.2118879
0.2113858
0.2106584
0.2102071
0.2095558
0.2091074
0.2076602
0.2057487
0.2035998
0.2011674
0.1996517
0.1982153
0.1967586
0.1951645
0.1933337
0.1912995
0.1891542
0.1873629
0.1856171
0.1840673
0.1824781
0.1811737
0.1801071
0.1790649
0.1781651
0.1777274
0.1775201
0.1776124
0.1770137
0.1762577
0.1755470
0.1748827
0.1745180
0.1742436
0.1738123
0.1736297
0.1736073
0.1734024
0.1732425
0.1729019
0.1724484
0.1719046
0.1715418
0.1710678
0.1704580
0.1699634
0.1685909
0.1669367
0.1658894
0.1651125
0.1644681
0.1641581
0.1638936
0.1637380
0.1624825
0.1618216
0.1609879
0.1602441
0.1594788
0.1586956
0.1580426
0.1572416
0.1566128
0.1559003
0.1552546
0.1546314
0.1539024
0.1533300
0.1524958
0.1521118
0.1514741
0.1511122
0.1504124
0.1500536
0.1495032
0.1493337
0.1488485
0.1487226
0.1484485
0.1482814
0.1485329
0.1483640
0.1484485
0.1485742
0.1486174
0.1488692
0.1491662
0.1495446
0.1498839
0.1503482
0.1509002
0.1515803
0.1524154
0.1536351
0.1549859
0.1565605
0.1579922
0.1595371
0.1614418
0.1630272
0.1649069
0.1668432
0.1686788
0.1706349
0.1727201
0.1746770
0.1763237
0.1780278
0.1796675
0.1816178
0.1832967
0.1849169
0.1864701
0.1886937
0.1908838
0.1933991
0.1948435
0.1970052
0.1993407
0.2017886
0.2044739
0.2069259
0.2094441
0.2123299
0.2141476
0.2158436
0.2173970
0.2191835
0.2209272
0.2224959
0.2239189
0.2260164
0.2279426
0.2299310
0.2316369
0.2338793
0.2360487
0.2383643
0.2405314
0.2425739
0.2447304
0.2469261
0.2493878
0.2527526
0.2562854
0.2601747
0.2638950
0.2673636
0.2710205
0.2750513
0.2791921
0.2838354
0.2877814
0.2903947
0.2947721
0.2988842
0.3024833
0.3065524
0.3107119
0.3148400
0.3195213
0.3239571
0.3287967
0.3338034
0.3386497
0.3435664
0.3484246
0.3532180
0.3587292
0.3641226
0.3692893
0.3741913
0.3782874
0.3818952
0.3850457
0.3884446
0.3916273
0.3944699
0.3968465
0.3988084
0.4002636
0.4013706
0.4017214
0.4030033
0.4048126
0.4050195
0.4036618
0.4016156
0.3989860
0.4027579
0.4021671
0.4000913
0.3994690
0.3996816
0.3970192
0.3929994
0.3901503
0.3855869
0.3797916
0.3748471
0.3684404
0.3615285
0.3543268
0.3466120
0.3385678
0.3302089
0.3214970
0.3126151
0.3038055
0.2947012
0.2857915
0.2771119
0.2684200
0.2600320
0.2520292
0.2450679
0.2387408
0.2329711
0.2281419
0.2233279
0.2187411
0.2144832
0.2102140
0.2062216
0.2024783
0.1989422
0.1960260
0.1933655
0.1903897
0.1867711
0.1833261
0.1812260
0.1794837
0.1779743
0.1768457
0.1746165
0.1707666
0.1668745
0.1628240
0.1615469
0.1599438
0.1582818
0.1563722
0.1551130
0.1548073
0.1547005
0.1549194
0.1553271
0.1558732
0.1567121
0.1576920
0.1585874
0.1597696
0.1609769
0.1621836
0.1634733
0.1648731
0.1660521
0.1675106
0.1689276
0.1703505
0.1719350
0.1735537
0.1752072
0.1768847
0.1788274
0.1807147
0.1825344
0.1843411
0.1873277
0.1901443
0.1930787
0.1960064
0.1983449
0.2006051
0.2027494
0.2051806
0.2075730
0.2097777
0.2118151
0.2140725
0.2161851
0.2186954
0.2208790
0.2231598
0.2254211
0.2275888
0.2296615
0.2316128
0.2336291
0.2354905
0.2377561
0.2400648
0.2426267
0.2459519
0.2496176
0.2533361
0.2572793
0.2609940
0.2648830
0.2689677
0.2730304
0.2758588
0.2782831
0.2804660
0.2827661
0.2849309
0.2868765
0.2885838
0.2891119
0.2890019
0.2884024
0.2887021
0.2889661
0.2890211
0.2888478
0.2883117
0.2875483
0.2878476
0.2889827
0.2894834
0.2892829
0.2890189
0.2863587
0.2836837
0.2874195
0.2865398
0.2855077
0.2848027
0.2827826
0.2797481
0.2777461
0.2746235
0.2710336
0.2668638
0.2624831
0.2575974
0.2524085
0.2465322
0.2399120
0.2338646
0.2274422
0.2207510
0.2138620
0.2070935
0.2010297
0.1947791
0.1886568
0.1825458
0.1766131
0.1707438
0.1649255
0.1595322
0.1542155
0.1491785
0.1443471
0.1392477
0.1343206
0.1293240
0.1241117
0.1189892
0.1138031
0.1093699
0.1046742
0.1001455
0.0956489
0.0910769
0.0866168
0.0821324
0.0775078
0.0734662
0.0694615
0.0651881
0.0612510
0.0573190
0.0533415
0.0495560
0.0458156
0.0420271
0.0382200
0.0346849
0.0310824
0.0274802
0.0242052
0.0209146
0.0176633
0.0147894
0.0120068
0.0096412
0.0074881
0.0055865
0.0039811
0.0025120
0.0014061
0.0006665
0.0001862
0.0000026
0.0001341
0.0005495
0.0013313
0.0025253
0.0041536
0.0062637
0.0090411
0.0122402
0.0162323
0.0211868
0.0263195
0.0327859
0.0401619
0.0481849
0.0573226
0.0680596
0.0794160
0.0923214
0.1070438
0.1224696
0.1392989
0.1579975
0.1776960
0.1988519
0.2208193
0.2442981
0.2689524
0.2949110
0.3221451
0.3501966
0.3792037
0.4090385
0.4394525
0.4702228
0.5013899
0.5327538
0.5643399
0.5957547
0.6271331
0.6583263
0.6881846
0.7172812
0.7479488
0.7803798
0.8120925
0.8444095
0.8853651
0.9081496
0.9424034
0.9675189
0.9959763
1.0187210
1.0316520
1.0488170
1.0591680
1.0653100
1.0742780
1.0800290
1.0779510
1.0784600
1.0739470
1.0615570
1.0539970
1.0437440
1.0304130
1.0145360
0.9960469
0.9694181
0.9402787
0.9145265
0.8860971
0.8556273
0.8247175
0.7933266
0.7617583
0.7300608
0.6987616
0.6673436
0.6368020
0.6074511
0.5792781
0.5524806
0.5271517
0.5036103
0.4816743
0.4611709
0.4420889
0.4266071
0.4129543
0.4000032
0.3874090
0.3752419
0.3552483
0.3386371
0.3274063
0.3143642
0.3033591
0.2965393
0.2885228
0.2809134
0.2762734
0.2735350
0.2695014
0.2654239
0.2626638
0.2605788
0.2589236
0.2577326
0.2570884
0.2571501
0.2579927
0.2590234
0.2606660
0.2629646
0.2654744
0.2687932
0.2721706
0.2767365
0.2820537
0.2869106
0.2927861
0.3000032
0.3066590
0.3142630
0.3219189
0.3300874
0.3386711
0.3473360
0.3568533
0.3661411
0.3743423
0.3829801
0.3921612
0.4022391
0.4132623
0.4238921
0.4358497
0.4497890
0.4630835
0.4780732
0.4937985
0.5100226
0.5272895
0.5460339
0.5642419
0.5834956
0.6041713
0.6247831
0.6468985
0.6702785
0.6936863
0.7169790
0.7413290
0.7662354
0.7916192
0.8161795
0.8390927
0.8609316
0.8824070
0.9036385
0.9244168
0.9446451
0.9658399
0.9870247
1.0079020
1.0279550
1.0473850
1.0667410
1.0864040
1.1054240
1.1227700
1.1403540
1.1580520
1.1771290
1.1944120
1.2114740
1.2367880
1.2546400
1.2709120
1.2886500
1.2990380
1.3033550
1.3097590
1.3115810
1.3090930
1.3088640
1.3033950
1.2865820
1.2727150
1.2560160
1.2333220
1.2151080
1.1944130
1.1645980
1.1330080
1.0990530
1.0602290
1.0235110
0.9889456
0.9544250
0.9134071
0.8706908
0.8301089
0.7896057
0.7500327
0.7119917
0.6757402
0.6413586
0.6090723
0.5780810
0.5483018
0.5207407
0.4953520
0.4720042
0.4533769
0.4354761
0.4178249
0.3910584
0.3734721
0.3533383
0.3377286
0.3254879
0.3118211
0.3005343
0.2903992
0.2790568
0.2687501
0.2597106
0.2532126
0.2514933
0.2514845
0.2503574
0.2499279
0.2519241
0.2546299
0.2582160
0.2626671
0.2670902
0.2726519
0.2788563
0.2850058
0.2923453
0.3012686
0.3112237
0.3204110
0.3317182
0.3438629
0.3560672
0.3698902
0.3848189
0.3992926
0.4155027
0.4326931
0.4503158
0.4690716
0.4891169
0.5095145
0.5305448
0.5529416
0.5761337
0.5988947
0.6223063
0.6459401
0.6696441
0.6924655
0.7143300
0.7362118
0.7577027
0.7767456
0.7946162
0.8114231
0.8281644
0.8447605
0.8610857
0.8765132
0.8890839
0.9022040
0.9263991
0.9439925
0.9575559
0.9734354
0.9875814
0.9973437
1.0099330
1.0154220
1.0187000
1.0197420
1.0181330
1.0110640
1.0111900
1.0099640
0.9967278
0.9860823
0.9715616
0.9529628
0.9349214
0.9156325
0.8949910
0.8746281
0.8505020
0.8250229
0.8003929
0.7757633
0.7495567
0.7251700
0.7005713
0.6761791
0.6512356
0.6268712
0.6033107
0.5806656
0.5610982
0.5429586
0.5260577
0.5102842
0.4945741
0.4795862
0.4656822
0.4534014
0.4410228
0.4291457
0.4176830
0.4084286
0.3892477
0.3767400
0.3676326
0.3572423
0.3485239
0.3426780
0.3352166
0.3313256
0.3292333
0.3258158
0.3237410
0.3229768
0.3230747
0.3240683
0.3258685
0.3283182
0.3317416
0.3352700
0.3399744
0.3450889
0.3514454
0.3590493
0.3655605
0.3733774
0.3811856
0.3893467
0.3983262
0.4073343
0.4185060
0.4309062
0.4422799
0.4549631
0.4695157
0.4838497
0.4991294
0.5159161
0.5323264
0.5502627
0.5692925
0.5880820
0.6078036
0.6285145
0.6501558
0.6726339
0.6957722
0.7201196
0.7431230
0.7664881
0.7901122
0.8111168
0.8296822
0.8473290
0.8640062
0.8830357
0.9021429
0.9205839
0.9384994
0.9576530
0.9771705
0.9959698
1.0122170
1.0285870
1.0453570
1.0695310
1.0872160
1.1019210
1.1197750
1.1344070
1.1393900
1.1470630
1.1514600
1.1548510
1.1608550
1.1572700
1.1502140
1.1447900
1.1366200
1.1201870
1.1059230
1.0898080
1.0671550
1.0464570
1.0251340
0.9977217
0.9722473
0.9448054
0.9136515
0.8838800
0.8524815
0.8210256
0.7897813
0.7572559
0.7252357
0.6962828
0.6685142
0.6421818
0.6179395
0.5954591
0.5747135
0.5558383
0.5390278
0.5240973
0.5101206
0.4946981
0.4784351
0.4494365
0.4316932
0.4171496
0.4012105
0.3875163
0.3787759
0.3701623
0.3636487
0.3606610
0.3556976
0.3511051
0.3484223
0.3471978
0.3483696
0.3521017
0.3542550
0.3584616
0.3630247
0.3687989
0.3750922
0.3834937
0.3921837
0.4015384
0.4122820
0.4233918
0.4350078
0.4459798
0.4582889
0.4709692
0.4840963
0.4981968
0.5128071
0.5285065
0.5448246
0.5613278
0.5784373
0.5962684
0.6145087
0.6330909
0.6524037
0.6720755
0.6924704
0.7131364
0.7346978
0.7566919
0.7795846
0.8025450
0.8262690
0.8503425
0.8749231
0.8982136
0.9211472
0.9438328
0.9618668
0.9785746
0.9940928
1.0084780
1.0236180
1.0380810
1.0522000
1.0659720
1.0796070
1.0921130
1.1055510
1.1265270
1.1335930
1.1447430
1.1517280
1.1528400
1.1576190
1.1579870
1.1513540
1.1464530
1.1361670
1.1172900
1.1045550
1.0890480
1.0683800
1.0469850
1.0224940
0.9880926
0.9559648
0.9233325
0.8915927
0.8564079
0.8185315
0.7856761
0.7523333
0.7194558
0.6879942
0.6588100
0.6315285
0.6061331
0.5810940
0.5575486
0.5356600
0.5153542
0.4971139
0.4805177
0.4648495
0.4487470
0.4251268
0.4065636
0.3876076
0.3706803
0.3576309
0.3427666
0.3305136
0.3203944
0.3114670
0.3019534
0.2943652
0.2890499
0.2827734
0.2784515
0.2747064
0.2708070
0.2682082
0.2657323
0.2636448
0.2620732
0.2607056
0.2598250
0.2590993
0.2587924
0.2587480
0.2587258
0.2590771
0.2596268
0.2600445
0.2607279
0.2615432
0.2623393
0.2632456
0.2641642
0.2649633
0.2658078
0.2664095
0.2669218
0.2673230
0.2681501
0.2692013
0.2700751
0.2708386
0.2714006
0.2714898
0.2721651
0.2725028
0.2728634
0.2730665
0.2734054
0.2737659
0.2739693
0.2743537
0.2746699
0.2747603
0.2748964
0.2746927
0.2748508
0.2747839
0.2746699
0.2743401
0.2735269
0.2726696
0.2716790
0.2706228
0.2698152
0.2688743
0.2681141
0.2678240
0.2675560
0.2665519
0.2664408
0.2662626
0.2653725
0.2661288
0.2655724
0.2661955
0.2663513
0.2668193
0.2672878
0.2678460
0.2684493
0.2690087
0.2698827
0.2708024
0.2717915
0.2729854
0.2737025
0.2747421
0.2758290
0.2766910
0.2778045
0.2791027
0.2806324
0.2824644
0.2841183
0.2861232
0.2884597
0.2906659
0.2930675
0.2959718
0.2987017
0.3017285
0.3052712
0.3083790
0.3120809
0.3159019
0.3195754
0.3235646
0.3277021
0.3320897
0.3365565
0.3411540
0.3455133
0.3498137
0.3542951
0.3589341
0.3632917
0.3680151
0.3725321
0.3777398
0.3821556
0.3876181
0.3923347
0.3960198
0.4000495
0.4039627
0.4076196
0.4114031
0.4148428
0.4179902
0.4218215
0.4255576
0.4294801
0.4333358
0.4383220
0.4433361
0.4486105
0.4522315
0.4545309
0.4565129
0.4583218
0.4603410
0.4623631
0.4641850
0.4658039
0.4675728
0.4692267
0.4707667
0.4718625
0.4729010
0.4739700
0.4753662
0.4767970
0.4779602
0.4784082
0.4786455
0.4783773
0.4778998
0.4772739
0.4778409
0.4786766
0.4796619
0.4807385
0.4796174
0.4767792
0.4732688
0.4740713
0.4732111
0.4728230
0.4721690
0.4707182
0.4693560
0.4674950
0.4653417
0.4614334
0.4584189
0.4546278
0.4488505
0.4440047
0.4377860
0.4300500
0.4228043
0.4143403
0.4041482
0.3970456
0.3881442
0.3782041
0.3678411
0.3584482
0.3478419
0.3353170
0.3228669
0.3105840
0.2984230
0.2866407
0.2753243
0.2643453
0.2537017
0.2434470
0.2356182
0.2287695
0.2226291
0.2160680
0.2098461
0.2040859
0.1989073
0.1946490
0.1905912
0.1858108
0.1806125
0.1786148
0.1711498
0.1674872
0.1635320
0.1592238
0.1548629
0.1504143
0.1470595
0.1446476
0.1415821
0.1397002
0.1386480
0.1373593
0.1369622
0.1374282
0.1372662
0.1380227
0.1391316
0.1405080
0.1423803
0.1445972
0.1469427
0.1495579
0.1525374
0.1557031
0.1597255
0.1643784
0.1686902
0.1739401
0.1797472
0.1855021
0.1906462
0.1962902
0.2018694
0.2080247
0.2148270
0.2216760
0.2290621
0.2372733
0.2450555
0.2537667
0.2630819
0.2723046
0.2826490
0.2940332
0.3051153
0.3167236
0.3292607
0.3419181
0.3550749
0.3688504
0.3829841
0.3975862
0.4128425
0.4287089
0.4450409
0.4616121
0.4775890
0.4935029
0.5104809
0.5280510
0.5459887
0.5648273
0.5844667
0.6041893
0.6229900
0.6415900
0.6600294
0.6778511
0.6951153
0.7118567
0.7279837
0.7452452
0.7624263
0.7791296
0.7955039
0.8109494
0.8258329
0.8414814
0.8588485
0.8755181
0.8893434
0.9009487
0.9175279
0.9308354
0.9425138
0.9530565
0.9620668
0.9664665
0.9701063
0.9724376
0.9682299
0.9659241
0.9612265
0.9483903
0.9368050
0.9226314
0.9061135
0.8918156
0.8755965
0.8485838
0.8253170
0.8019469
0.7745438
0.7500258
0.7207620
0.6907807
0.6618545
0.6315325
0.5999048
0.5684271
0.5374588
0.5074432
0.4779608
0.4493701
0.4220724
0.3962294
0.3718059
0.3487350
0.3279953
0.3087386
0.2909466
0.2765954
0.2641116
0.2531731
0.2418105
0.2307334
0.2134035
0.1994563
0.1890779
0.1777915
0.1692996
0.1645861
0.1581819
0.1535695
0.1514625
0.1482113
0.1459223
0.1455866
0.1443735
0.1444990
0.1482350
0.1533447
0.1579828
0.1629262
0.1695605
0.1778423
0.1871237
0.1971232
0.2080451
0.2202512
0.2331295
0.2471860
0.2614920
0.2769706
0.2928745
0.3094124
0.3267740
0.3445027
0.3635449
0.3826992
0.4023619
0.4217874
0.4412353
0.4613350
0.4816020
0.5020820
0.5230404
0.5444274
0.5659660
0.5879155
0.6097080
0.6314332
0.6535679
0.6755304
0.6986134
0.7222901
0.7459505
0.7704726
0.7944791
0.8191950
0.8442565
0.8693106
0.8930426
0.9164754
0.9396199
0.9627801
0.9858568
1.0078990
1.0297420
1.0523790
1.0739310
1.0953450
1.1166860
1.1390950
1.1590990
1.1781740
1.1957440
1.2226770
1.2444970
1.2651380
1.2879050
1.3024390
1.3120030
1.3266320
1.3373430
1.3446060
1.3512120
1.3506180
1.3410700
1.3357760
1.3267130
1.3106870
1.2983450
1.2817600
1.2552290
1.2316320
1.2040150
1.1696710
1.1347410
1.1011230
1.0613750
1.0235160
0.9820830
0.9415020
0.9009125
0.8600856
0.8200516
0.7805827
0.7416218
0.7038558
0.6657783
0.6290811
0.5934508
0.5594164
0.5269275
0.4958371
0.4663403
0.4377506
0.4103668
0.3843291
0.3596123
0.3354689
0.3117260
0.2893278
0.2679924
0.2481145
0.2297320
0.2133218
0.1976700
0.1819787
0.1621296
0.1465071
0.1360736
0.1237758
0.1138696
0.1069298
0.0987132
0.0943688
0.0886042
0.0851121
0.0828165
0.0799002
0.0786609
0.0767171
0.0753076
0.0751497
0.0743814
0.0744552
0.0749920
0.0746647
0.0747390
0.0752670
0.0761803
0.0795835
0.0841779
0.0893552
0.0949998
0.1011195
0.1077294
0.1148925
0.1229728
0.1315034
0.1406839
0.1513094
0.1612133
0.1725176
0.1843050
0.1971105
0.2104587
0.2249156
0.2397704
0.2556462
0.2728311
0.2902961
0.3091548
0.3291265
0.3497746
0.3690450
0.3889098
0.4094495
0.4309440
0.4529596
0.4758483
0.4991691
0.5230393
0.5476916
0.5728645
0.5986028
0.6249652
0.6522756
0.6798590
0.7077224
0.7368830
0.7652673
0.7947288
0.8241004
0.8532504
0.8823663
0.9112612
0.9403275
0.9681807
0.9956990
1.0229030
1.0489940
1.0726480
1.0939230
1.1156290
1.1355800
1.1531870
1.1678990
1.1836770
1.2144810
1.2372630
1.2558580
1.2740280
1.2889400
1.2977390
1.3099970
1.3184670
1.3201020
1.3204500
1.3163300
1.3092170
1.3020720
1.2895250
1.2721490
1.2595260
1.2426920
1.2216330
1.2012520
1.1782310
1.1495550
1.1206590
1.0915500
1.0591220
1.0262150
0.9927012
0.9587136
0.9243054
0.8897084
0.8549873
0.8219023
0.7893919
0.7578516
0.7272281
0.7005757
0.6760296
0.6531651
0.6319477
0.6136270
0.5973665
0.5823421
0.5681778
0.5522451
0.5314992
0.5095077
0.4952968
0.4799967
0.4683170
0.4598927
0.4489780
0.4409677
0.4373661
0.4317517
0.4290105
0.4285114
0.4263702
0.4295315
0.4362124
0.4421277
0.4494384
0.4593377
0.4732438
0.4863461
0.5006355
0.5182504
0.5348304
0.5558769
0.5792581
0.6014085
0.6260241
0.6524745
0.6804421
0.7102849
0.7411449
0.7736458
0.8066012
0.8374868
0.8690535
0.9014890
0.9341764
0.9651640
0.9954596
1.0250890
1.0540050
1.0830100
1.1114880
1.1391400
1.1674860
1.1953740
1.2233800
1.2510690
1.2730260
1.2921300
1.3109080
1.3499460
1.3772000
1.3980990
1.4210440
1.4402410
1.4517290
1.4647490
1.4731190
1.4735180
1.4741980
1.4688000
1.4556950
1.4414940
1.4288070
1.4069290
1.3893980
1.3677560
1.3433750
1.3179530
1.2913780
1.2618900
1.2309750
1.1991350
1.1655290
1.1307420
1.0964820
1.0605600
1.0251700
0.9893860
0.9534632
0.9181484
0.8828346
0.8515615
0.8221124
0.7940092
0.7675897
0.7423070
0.7173399
0.6945240
0.6735514
0.6537914
0.6364106
0.6199079
0.5893489
0.5666410
0.5500820
0.5320218
0.5177270
0.5086701
0.4983716
0.4922825
0.4924307
0.4876499
0.4849619
0.4860152
0.4872517
0.4914743
0.4996849
0.5064890
0.5161405
0.5277271
0.5399616
0.5541248
0.5702015
0.5860620
0.6019980
0.6188599
0.6365047
0.6546503
0.6738466
0.6932737
0.7132543
0.7339101
0.7548050
0.7763886
0.7983195
0.8203525
0.8426780
0.8649977
0.8879867
0.9108411
0.9340556
0.9570761
0.9791631
1.0010290
1.0226740
1.0437400
1.0644340
1.0844120
1.1036930
1.1223530
1.1401940
1.1563290
1.1703620
1.1846310
1.1993550
1.2123250
1.2246870
1.2368330
1.2451920
1.2560660
1.2712290
1.2903910
1.3003240
1.3122690
1.3217130
1.3234060
1.3292020
1.3317640
1.3277130
1.3266420
1.3209050
1.3100370
1.3005590
1.2886410
1.2679850
1.2491400
1.2283260
1.2083850
1.1855830
1.1556850
1.1247240
1.0952050
1.0629460
1.0300420
0.9967249
0.9631333
0.9301602
0.8967945
0.8638736
0.8311938
0.7990000
0.7673452
0.7361565
0.7071953
0.6795030
0.6529738
0.6276162
0.6043640
0.5825681
0.5620228
0.5429169
0.5246356
0.5070838
0.4902287
0.4746116
0.4633557
0.4509711
0.4256943
0.4073004
0.3944827
0.3796386
0.3666178
0.3575436
0.3462214
0.3382031
0.3329718
0.3262054
0.3216954
0.3199233
0.3169207
0.3151379
0.3161361
0.3157024
0.3177568
0.3221909
0.3251483
0.3290132
0.3361820
0.3421943
0.3491963
0.3587029
0.3673625
0.3778017
0.3895794
0.3989714
0.4103296
0.4239607
0.4366730
0.4513908
0.4686953
0.4833597
0.5008438
0.5205666
0.5392123
0.5586973
0.5791360
0.5999575
0.6213923
0.6428992
0.6647444
0.6866908
0.7083780
0.7303155
0.7516833
0.7731031
0.7940754
0.8153346
0.8361251
0.8570834
0.8785931
0.9003670
0.9196631
0.9389199
Standard deviation: 0.6391341
