0.0000000
0.0000000
0.0000000
0.0000000
0.0000000
0.0000001
0.0000000
0.0000000
0.0000000
0.0000000
0.0000002
0.0000002
0.0000010
0.0000009
0.0000028
0.0000026
0.0000053
0.0000055
0.0000090
0.0000084
0.0000136
0.0000161
0.0000208
0.0000203
0.0000287
0.0000295
0.0000374
0.0000364
0.0000451
0.0000459
0.0000552
0.0000573
0.0000645
0.0000722
0.0000808
0.0000726
0.0000930
0.0000983
0.0001078
0.0001176
0.0001236
0.0001248
0.0001392
0.0001451
0.0001572
0.0001606
0.0001756
0.0001850
0.0002002
0.0002192
0.0002332
0.0002501
0.0002740
0.0002990
0.0003250
0.0003677
0.0003911
0.0004254
0.1428284
0.1214824
0.1034898
0.0850643
0.0698087
0.0544157
0.0420726
0.0300236
0.0207436
0.0124326
0.0066717
0.0023416
0.0003036
0.0002903
0.0024057
0.0070150
0.0139113
0.0228561
0.0353417
0.0493055
0.0670085
0.0866973
0.1098947
0.1348110
0.1636627
0.1945142
0.2297248
0.0953252
0.0788624
0.0650958
0.0515823
0.0395031
0.0287973
0.0205109
0.0128472
0.0071418
0.0032291
0.0007497
0.0000064
0.0009717
0.0035808
0.0078186
0.0137969
0.0215619
0.0013895
0.0013152
0.0012487
0.0012760
0.0011971
0.0009605
0.0008487
0.0008173
0.0007513
0.0006557
0.0005499
0.0004865
0.0004326
0.1155623
0.0844893
0.0577982
0.0365859
0.0198620
0.0082524
0.0017237
0.0000589
0.0034352
0.0118002
0.0255418
0.0445022
0.0691209
0.0990925
0.1346997
0.1742131
0.2206457
0.2731798
0.3301275
0.3941829
0.1036737
0.0878363
0.0728445
0.0589593
0.0468586
0.0362459
0.0269793
0.0188162
0.0123496
0.0072466
0.0034199
0.0009832
0.0000206
0.0004623
0.0022698
0.0055167
0.0098030
0.0154196
0.0223392
0.0304943
0.0395520
0.0497848
0.0614957
0.0744437
0.0893570
0.1053916
0.4316776
0.3621624
0.2991875
0.2419581
0.1917286
0.1469464
0.1077887
0.0743739
0.0473057
0.0262124
0.0112910
0.0025319
0.0000358
0.0038801
0.0139636
0.0302936
0.0529125
0.0822939
0.1174389
0.1582161
0.2055833
0.0037713
0.0042743
0.0048056
0.0053796
0.0058051
0.0064126
0.0070409
0.3112775
0.2389411
0.1756227
0.1218968
0.0788683
0.0444061
0.0198013
0.0049942
0.0000026
0.0046368
0.0188945
0.0426638
0.0759138
0.1190322
0.1717976
0.2347827
0.3075432
0.3900350
0.4821458
0.5835281
0.6956139
0.8157514
0.1506157
0.1384312
0.1247614
0.1114096
0.0990362
0.0871312
0.0754177
0.0646978
0.0544802
0.0449689
0.0365184
0.0286693
0.0217397
0.0157458
0.0212081
0.0208597
0.0203553
0.0198124
0.0192989
0.0187021
0.0179898
0.0173570
0.0167121
0.0160880
0.0154617
0.0148809
0.0142139
0.0135806
0.0129437
0.0123649
0.0116447
0.0110151
0.0103405
0.0099546
0.0095119
0.0090943
0.0085892
0.0081926
0.0077816
0.0075179
0.0072126
0.0070460
0.0070137
0.0070460
0.0070689
0.0071205
0.0072260
0.0073674
0.0072917
0.0071568
0.0071665
0.0069361
0.0071339
0.0073577
0.0075849
0.0076999
0.0076622
0.0075948
0.0075141
0.0073014
0.0070042
0.0067189
0.0065270
0.0063273
0.0062536
0.0061501
0.0062536
0.0064541
0.0066099
0.0066728
0.0065878
0.0062841
0.0067172
0.0069213
0.0073755
0.0075222
0.0077659
0.0080237
0.0082673
0.0085332
0.0087778
0.0088906
0.0091361
0.0093145
0.0094419
0.0094683
0.0096991
0.0098290
0.0098786
0.0099705
0.0101409
0.0100976
0.0099705
0.0097476
0.0094898
0.0091831
0.0088091
0.0083721
0.0080049
0.0076222
0.0073244
0.0070687
0.0069718
0.0069491
0.0069133
0.0068813
0.0067726
0.0069359
0.0071931
0.0073244
0.0073012
0.0070687
0.0070553
0.0073710
0.0077554
0.0078134
0.0078375
0.0078375
0.0078515
0.0078576
0.0078034
0.0077934
0.0077894
0.0077994
0.0078817
0.0079644
0.0079058
0.0079200
0.0079159
0.0079099
0.0079099
0.0077934
0.0077554
0.0076877
0.0076539
0.0075020
0.0073555
0.0071873
0.0070667
0.0068906
0.0069001
0.0069775
0.0071106
0.0073341
0.0076282
0.0078978
0.0079907
0.0082728
0.0086354
0.0093621
0.0101638
0.0110317
0.0117919
0.0125039
0.0130496
0.0137263
0.0143303
0.0143113
0.0148533
0.0153716
0.0159331
0.0165892
0.0173391
0.0182002
0.0191197
0.0201552
0.0212841
0.0223928
0.0236131
0.0247552
0.0259425
0.0270829
0.0282593
0.0295152
0.0311095
0.0322309
0.0333308
0.0344407
0.0360019
0.0373870
0.0388652
0.0402038
0.0421261
0.0434294
0.0451130
0.0468384
0.0485512
0.0504270
0.0522139
0.0543381
0.0565100
0.0587849
0.0612560
0.0637322
0.0659777
0.0682207
0.0700504
0.0723610
0.0745728
0.0768493
0.0783776
0.0800106
0.0815503
0.0823030
0.0826806
0.0835498
0.0835039
0.0830460
0.0838186
0.0848389
0.0856066
0.0887588
0.0905985
0.0924017
0.0941464
0.0959353
0.0972316
0.0979326
0.0985507
0.0995852
0.1008698
0.1038139
0.1055521
0.1073195
0.1084885
0.1095214
0.1120716
0.1122918
0.1137855
0.1143214
0.1153816
0.1161451
0.1168724
0.1174932
0.1181701
0.1187708
0.1192635
0.1198121
0.1201733
0.1205046
0.1205991
0.1206936
0.1207882
0.1208275
0.1209221
0.1209221
0.1213244
0.1218937
0.1222024
0.1226228
0.1226624
0.1238163
0.1254007
0.1272295
0.1281691
0.1289332
0.1315427
0.1341202
0.1369240
0.1396892
0.1427558
0.1441466
0.1444567
0.1447067
0.1444097
0.1432489
0.1422129
0.1411632
0.1410185
0.1405078
0.1396852
0.1393802
0.1391349
0.1405078
0.1424609
0.1448491
0.1470661
0.1497827
0.1530017
0.1551911
0.1573144
0.1576833
0.1579629
0.1581160
0.1585308
0.1587027
0.1583775
0.1576385
0.1595157
0.1619701
0.1623943
0.1638315
0.1633191
0.1637860
0.1649816
0.1660053
0.1677275
0.1693197
0.1713308
0.1737610
0.1765787
0.1791609
0.1821381
0.1853743
0.1888758
0.1923892
0.1960765
0.1998995
0.2039037
0.2079260
0.2119876
0.2160583
0.2205067
0.2250763
0.2296927
0.2328363
0.2353490
0.2377965
0.2400927
0.2428578
0.2456941
0.2473495
0.2486271
0.2496107
0.2503482
0.2506770
0.2512234
0.2520191
0.2526480
0.2531716
0.2543266
0.2547706
0.2551273
0.2559857
0.2567890
0.2583679
0.2599263
0.2631654
0.2659513
0.2688033
0.2707135
0.2719081
0.2722504
0.2727354
0.2726777
0.2723928
0.2733907
0.2745640
0.2756510
0.2754225
0.2747070
0.2737917
0.2740773
0.2718505
0.2688709
0.2652012
0.2608894
0.2554786
0.2533844
0.2518203
0.2526165
0.2541274
0.2570540
0.2607765
0.2653987
0.2701338
0.2690001
0.2681513
0.2676428
0.2681513
0.2682927
0.2683493
0.2677841
0.2691416
0.2712129
0.2694817
0.2683774
0.2663735
0.2650507
0.2635072
0.2620519
0.2606006
0.2592090
0.2577382
0.2569074
0.2560780
0.2561608
0.2569074
0.2573227
0.2582928
0.2602398
0.2599899
0.2606023
0.2618578
0.2626409
0.2634808
0.2650242
0.2664311
0.2682385
0.2702776
0.2724960
0.2748666
0.2771038
0.2799273
0.2827949
0.2856174
0.2885722
0.2916008
0.2946452
0.2975870
0.3006625
0.3037229
0.3064674
0.3092847
0.3126036
0.3156631
0.3170010
0.3179559
0.3184176
0.3192813
0.3202070
0.3210120
0.3212886
0.3216307
0.3217855
0.3218792
0.3218465
0.3216307
0.3211667
0.3213823
0.3210730
0.3203614
0.3187864
0.3166938
0.3138434
0.3108816
0.3074798
0.3037365
0.3009726
0.2981939
0.2951004
0.2906031
0.2855313
0.2834318
0.2822714
0.2825300
0.2829396
0.2839874
0.2852399
0.2834318
0.2819817
0.2792309
0.2753474
0.2711763
0.2674353
0.2636899
0.2615632
0.2586909
0.2553966
0.2518737
0.2492742
0.2467999
0.2440101
0.2438754
0.2446842
0.2444436
0.2436964
0.2435914
0.2426733
0.2417864
0.2411166
0.2373989
0.2337101
0.2298685
0.2269448
0.2241405
0.2210190
0.2178978
0.2150730
0.2144905
0.2143643
0.2145676
0.2167755
0.2172340
0.2170790
0.2156562
0.2144413
0.2123432
0.2084817
0.2040394
0.1994964
0.1944446
0.1890544
0.1833703
0.1810113
0.1792250
0.1792955
0.1794558
0.1800592
0.1821985
0.1844481
0.1863322
0.1881995
0.1885083
0.1888635
0.1860251
0.1861884
0.1864499
0.1868488
0.1865675
0.1860708
0.1859076
0.1856465
0.1854573
0.1856009
0.1855747
0.1856009
0.1857479
0.1858653
0.1859373
0.1862178
0.1868591
0.1873761
0.1880651
0.1893017
0.1899676
0.1909722
0.1926964
0.1937547
0.1951302
0.1967249
0.1983064
0.2001851
0.2014136
0.2028634
0.2041954
0.2060539
0.2076444
0.2091446
0.2100940
0.2109487
0.2121814
0.2132398
0.2136172
0.2134141
0.2129597
0.2122262
0.2123033
0.2120525
0.2116479
0.2091128
0.2057753
0.2025592
0.1988824
0.1948511
0.1899294
0.1856382
0.1846475
0.1830049
0.1815569
0.1802747
0.1795554
0.1787668
0.1782361
0.1787668
0.1795999
0.1806928
0.1823027
0.1824637
0.1825800
0.1809020
0.1793471
0.1776578
0.1761347
0.1744428
0.1721162
0.1694688
0.1664657
0.1632189
0.1590425
0.1545165
0.1520086
0.1497966
0.1470544
0.1438607
0.1400433
0.1368264
0.1327071
0.1284556
0.1240006
0.1193419
0.1144037
0.1094939
0.1049655
0.1004964
0.0961379
0.0918442
0.0875679
0.0835510
0.0795515
0.0757250
0.0719929
0.0683550
0.0649234
0.0617416
0.0586291
0.0556614
0.0525549
0.0495748
0.0465413
0.0435339
0.0405508
0.0379709
0.0352907
0.0327881
0.0302719
0.0278840
0.0256814
0.0234972
0.0215370
0.0198066
0.0180836
0.0163130
0.0146996
0.0131390
0.0115712
0.0101472
0.0087599
0.0074092
0.0062360
0.0050858
0.0040450
0.0031300
0.0022900
0.0015462
0.0009923
0.0005440
0.0002229
0.0000438
0.0000039
0.0001018
0.0003457
0.0007284
0.0012499
0.0018231
0.0024996
0.0032730
0.0041613
0.0051366
0.0061799
0.0072872
0.0083496
0.0095329
0.0107664
0.0120683
0.0133305
0.0146427
0.0158444
0.0171709
0.0185219
0.0200631
0.0215857
0.0232055
0.0244630
0.0255694
0.0265840
0.0276008
0.0288034
0.0298143
0.0304084
0.0307526
0.0312431
0.0320106
0.0328067
0.0350116
0.0364572
0.0378581
0.0388099
0.0398610
0.0406843
0.0408830
0.0413590
0.0411375
0.0408710
0.0405743
0.0401123
0.0393278
0.0387562
0.0380175
0.0372012
0.0364051
0.0355237
0.0346642
0.0337149
0.0326384
0.0313490
0.0300939
0.0287918
0.0275896
0.0263608
0.0253070
0.0242747
0.0234978
0.0227262
0.0220716
0.0216682
0.0219343
0.0224874
0.0232892
0.0244450
0.0259104
0.0270838
0.0275265
0.0279174
0.0289955
0.0277533
0.0283570
0.0289208
0.0292848
0.0301588
0.0308650
0.0317441
0.0327642
0.0339815
0.0353234
0.0367850
0.0383197
0.0399834
0.0417498
0.0437601
0.0458283
0.0479207
0.0501097
0.0525711
0.0550799
0.0577126
0.0603662
0.0631895
0.0660071
0.0690296
0.0718115
0.0745895
0.0776322
0.0806745
0.0838064
0.0863055
0.0885007
0.0907561
0.0930569
0.0955044
0.0978982
0.1005635
0.1034231
0.1057895
0.1084695
0.1110196
0.1136915
0.1165252
0.1192246
0.1220503
0.1249276
0.1277021
0.1306260
0.1335624
0.1363906
0.1390044
0.1416627
0.1443050
0.1469302
0.1495370
0.1519098
0.1535098
0.1553333
0.1573407
0.1591213
0.1608026
0.1628008
0.1645013
0.1660994
0.1675040
0.1692962
0.1706917
0.1722968
0.1740917
0.1755296
0.1772952
0.1788386
0.1808295
0.1825748
0.1844223
0.1866090
0.1887375
0.1909495
0.1933905
0.1957987
0.1982536
0.2005205
0.2025301
0.2047968
0.2070761
0.2094929
0.2120742
0.2145200
0.2172851
0.2199139
0.2228423
0.2257381
0.2287830
0.2319271
0.2350665
0.2383331
0.2418642
0.2452860
0.2489495
0.2526953
0.2568565
0.2602147
0.2638198
0.2673364
0.2709903
0.2744467
0.2761071
0.2773716
0.2786666
0.2797343
0.2812380
0.2826006
0.2839079
0.2849855
0.2860062
0.2874985
0.2890230
0.2904043
0.2923789
0.2944485
0.2966454
0.2986411
0.3004651
0.3024735
0.3044887
0.3064205
0.3082360
0.3106357
0.3132269
0.3163216
0.3196154
0.3214957
0.3219599
0.3229524
0.3241939
0.3250343
0.3262506
0.3279377
0.3297222
0.3313544
0.3330547
0.3350750
0.3373243
0.3395166
0.3419402
0.3445976
0.3476171
0.3505539
0.3539238
0.3574119
0.3606507
0.3642333
0.3678699
0.3717896
0.3757614
0.3796231
0.3827423
0.3847077
0.3872180
0.3897054
0.3915803
0.3935682
0.3955925
0.3971765
0.3992101
0.4010056
0.4022543
0.4041592
0.4060049
0.4078549
0.4096697
0.4118384
0.4137337
0.4156730
0.4178576
0.4201923
0.4215753
0.4227832
0.4253095
0.4275192
0.4294502
0.4303448
0.4314919
0.4324613
0.4336848
0.4349101
0.4367513
0.4371116
0.4386287
0.4399351
0.4414571
0.4430236
0.4449890
0.4464870
0.4481279
0.4499218
0.4519447
0.4541135
0.4557353
0.4575112
0.4595086
0.4615102
0.4629263
0.4635163
0.4637447
0.4657556
0.4670531
0.4675791
0.4683247
0.4692246
0.4690380
0.4698616
0.4706860
0.4715882
0.4727115
0.4737702
0.4747857
0.4767869
0.4782932
0.4801907
0.4830717
0.4852800
0.4877621
0.4913958
0.4945469
0.4980473
0.5021507
0.5058375
0.5100871
0.5139639
0.5179706
0.5220082
0.5241882
0.5260118
0.5282001
0.5301469
0.5320629
0.5333034
0.5339825
0.5342982
0.5337012
0.5345796
0.5349779
0.5359399
0.5371023
0.5380661
0.5392308
0.5407972
0.5423312
0.5441861
0.5463286
0.5480060
0.5520242
0.5559731
0.5606142
0.5659738
0.5696393
0.5747321
0.5762107
0.5784153
0.5809528
0.5836510
0.5861824
0.5892060
0.5921504
0.5949972
0.5975351
0.5988677
0.5991659
0.5987625
0.6007988
0.6031556
0.6034548
0.6026452
0.6016071
0.6000785
0.5986571
0.5970271
0.5948922
0.5931625
0.5921504
0.5916699
0.5897361
0.5885356
0.5876316
0.5870236
0.5860167
0.5852188
0.5859126
0.5874231
0.5919490
0.5928736
0.5931704
0.5937816
0.5947951
0.5956171
0.5963345
0.5967197
0.5970349
0.5976481
0.5981564
0.5996826
0.6014041
0.6036564
0.6067071
0.6086685
0.6105091
0.6103961
0.6126823
0.6103073
0.6098112
0.6095990
0.6100950
0.6112286
0.6132860
0.6149205
0.6170734
0.6206933
0.6233927
0.6277319
0.6330589
0.6374316
0.6427817
0.6494142
0.6545765
0.6607531
0.6673664
0.6741425
0.6810467
0.6883058
0.6953952
0.7024834
0.7079665
0.7143523
0.7202087
0.7267650
0.7333511
0.7389532
0.7447923
0.7520292
0.7590644
0.7576832
0.7572482
0.7563220
0.7531508
0.7526983
0.7523637
0.7512427
0.7510073
0.7514593
0.7533677
0.7546270
0.7510073
0.7476124
0.7436770
0.7520292
0.7529085
0.7506661
0.7481740
0.7451370
0.7425554
0.7392965
0.7357320
0.7310519
0.7252671
0.7190809
0.7118119
0.7049998
0.6970626
0.6879494
0.6782781
0.6679162
0.6567886
0.6469030
0.6357532
0.6263331
0.6175163
0.6088514
0.6003364
0.5925077
0.5854082
0.5788305
0.5728238
0.5680112
0.5643228
0.5617873
0.5574261
0.5519037
0.5444985
0.5382063
0.5330618
0.5300356
0.5277753
0.5187675
0.5137320
0.5084310
0.5036383
0.4996864
0.4969330
0.4946492
0.4931833
0.4925463
0.4935496
0.4936302
0.4942825
0.4961026
0.4994948
0.4992736
0.5006381
0.5025803
0.5041273
0.5059799
0.5078215
0.5093765
0.5111419
0.5128959
0.5145702
0.5160528
0.5183854
0.5202494
0.5219357
0.5230663
0.5238894
0.5244630
0.5248407
0.5249240
0.5258615
0.5274585
0.5295358
0.5310398
0.5331934
0.5359608
0.5371514
0.5383828
0.5397999
0.5424550
0.5417870
0.5444469
0.5450313
0.5473135
0.5501876
0.5527675
0.5560298
0.5593016
0.5627712
0.5661646
0.5695830
0.5730843
0.5761128
0.5787678
0.5812225
0.5822971
0.5825035
0.5838742
0.5865318
0.5891219
0.5909897
0.5922052
0.5929927
0.5936914
0.5950753
0.5967590
0.5986392
0.6005372
0.6011357
0.6026331
0.6051230
0.6070312
0.6109473
0.6157545
0.6191972
0.6237469
0.6270130
0.6292465
0.6315913
0.6369098
0.6407048
0.6462786
0.6527027
0.6576866
0.6627994
0.6681526
0.6733269
0.6777379
0.6822900
0.6867301
0.6919388
0.6969730
0.7020098
0.7054429
0.7083481
0.7152693
0.7231927
0.7289823
0.7355565
0.7419439
0.7486769
0.7553552
0.7623841
0.7692252
0.7763181
0.7833406
0.7904817
0.7980165
0.8053617
0.8130718
0.8210629
0.8269778
0.8323240
0.8369654
0.8423437
0.8452704
0.8499477
0.8545458
0.8592648
0.8635133
0.8677723
0.8721672
0.8755062
0.8788353
0.8822970
0.8852922
0.8876921
0.8908234
0.8938166
0.8974349
0.9016656
0.9051884
0.9095322
0.9119647
0.9144171
0.9168394
0.9187076
0.9164103
0.9143414
0.9119370
0.9115690
0.9121773
0.9132666
0.9166360
0.9172612
0.9148226
0.9155599
0.9171331
0.9178714
0.9197856
0.9204118
0.9200422
0.9214908
0.9227141
0.9223440
0.9222308
0.9217476
0.9207664
0.9199291
0.9189488
0.9182253
0.9146297
0.9098506
0.9045634
0.8988422
0.8945527
0.8900361
0.8864785
0.8834147
0.8810510
0.8791485
0.8782049
0.8777333
0.8780802
0.8780802
0.8757374
0.8744357
0.8719734
0.8702187
0.8678591
0.8658879
0.8650617
0.8638918
0.8631902
0.8627227
0.8624890
0.8613949
0.8588536
0.8557149
0.8532790
0.8506273
0.8480765
0.8447262
0.8414080
0.8360116
0.8297157
0.8232278
0.8162981
0.8112097
0.8065892
0.8016500
0.7972814
0.7931365
0.7883444
0.7829109
0.7780449
0.7735077
0.7675684
0.7612129
0.7552177
0.7493373
0.7430880
0.7397589
0.7361079
0.7320465
0.7292625
0.7244650
0.7213916
0.7191666
0.7165081
0.7137648
0.7109262
0.7088178
0.7066123
0.7048216
0.6988540
0.6949964
0.6911494
0.6862707
0.6827543
0.6786252
0.6748239
0.6707295
0.6666476
0.6625675
0.6582958
0.6544359
0.6499020
0.6443742
0.6409771
0.6359938
0.6329140
0.6292531
0.6257918
0.6233225
0.6202736
0.6180129
0.6165459
0.6142920
0.6129228
0.6111718
0.6113586
0.6100027
0.6097032
0.6091241
0.6090308
0.6086384
0.6080598
0.6069866
0.6061102
0.6050485
0.6033049
0.6000180
0.5962500
0.5920243
0.5878229
0.5845786
0.5811515
0.5781168
0.5750901
0.5723519
0.5698100
0.5678329
0.5649322
0.5622092
0.5597886
0.5573642
0.5566227
0.5556052
0.5548559
0.5546777
0.5559710
0.5569980
0.5591350
0.5569980
0.5584909
0.5581694
0.5572397
0.5565876
0.5556681
0.5564001
0.5558466
0.5553827
0.5528789
0.5500166
0.5466042
0.5424791
0.5387298
0.5346260
0.5290915
0.5224085
0.5154241
0.5088283
0.5018423
0.4945511
0.4893123
0.4847096
0.4796974
0.4715415
0.4631214
0.4545189
0.4560292
0.4520149
0.4451043
0.4380012
0.4317653
0.4259878
0.4191245
0.4125555
0.4050019
0.3973669
0.3898046
0.3818490
0.3738288
0.3655898
0.3571491
0.3488710
0.3401936
0.3312671
0.3226636
0.3138981
0.3047047
0.2958497
0.2867276
0.2774205
0.2683290
0.2592000
0.2489385
0.2399776
0.2307612
0.2216070
0.2128697
0.2045303
0.1965270
0.1888968
0.1816317
0.1749198
0.1691011
0.1637827
0.1593895
0.1556455
0.1524742
0.1503500
0.1477661
0.1442533
0.1400381
0.1372209
0.1359780
0.1310788
0.1279980
0.1253479
0.1218509
0.1195674
0.1171733
0.1156088
0.1144720
0.1134253
0.1131349
0.1129661
0.1131313
0.1137601
0.1143058
0.1152305
0.1163265
0.1176822
0.1191324
0.1207659
0.1226284
0.1246324
0.1267886
0.1289163
0.1312871
0.1336794
0.1360491
0.1384396
0.1407075
0.1432293
0.1465429
0.1489729
0.1518566
0.1544246
0.1573603
0.1606694
0.1635135
0.1666322
0.1693755
0.1720913
0.1750803
0.1781545
0.1812511
0.1841634
0.1866739
0.1889786
0.1910870
0.1936395
0.1961024
0.1983037
0.2003511
0.2024042
0.2046405
0.2067202
0.2094346
0.2118199
0.2138720
0.2159933
0.2173805
0.2185329
0.2209694
0.2232440
0.2252968
0.2276558
0.2300799
0.2325218
0.2352149
0.2385259
0.2419242
0.2452274
0.2493488
0.2534441
0.2583321
0.2633851
0.2654904
0.2692676
0.2726836
0.2763796
0.2793097
0.2843060
0.2876813
0.2917044
0.2957340
0.2983590
0.3004564
0.3031741
0.3059095
0.3083117
0.3102369
0.3118206
0.3127907
0.3132791
0.3153605
0.3177260
0.3198902
0.3219935
0.3244579
0.3270006
0.3292652
0.3317515
0.3344676
0.3364028
0.3384194
0.3415202
0.3447766
0.3471078
0.3489408
0.3504005
0.3527505
0.3551802
0.3576124
0.3595411
0.3617706
0.3642253
0.3671379
0.3701414
0.3726302
0.3748940
0.3762591
0.3782373
0.3803694
0.3818934
0.3834264
0.3853426
0.3877257
0.3891830
0.3904986
0.3910442
0.3912703
0.3908874
0.3906493
0.3926434
0.3921784
0.3912490
0.3896310
0.3873981
0.3848607
0.3819642
0.3783078
0.3733125
0.3693988
0.3642388
0.3583811
0.3530066
0.3468741
0.3393503
0.3339064
0.3273797
0.3207755
0.3142335
0.3076970
0.3014279
0.2947546
0.2887541
0.2830079
0.2776518
0.2721311
0.2647254
0.2577372
0.2509031
0.2442844
0.2380532
0.2318442
0.2276530
0.2242556
0.2210583
0.2183435
0.2188074
0.2196119
0.2209407
0.2227455
0.2244314
0.2221025
0.2185773
0.2159941
0.2118342
0.2140528
0.2150766
0.2159941
0.2174248
0.2199031
0.2226750
0.2248882
0.2274011
0.2304037
0.2333639
0.2364644
0.2395817
0.2426634
0.2452735
0.2482066
0.2510321
0.2537514
0.2561749
0.2590452
0.2614938
0.2640124
0.2678186
0.2716521
0.2754453
0.2781657
0.2817427
0.2852778
0.2887008
0.2922178
0.2956820
0.2996430
0.3028499
0.3054259
0.3082859
0.3117047
0.3145901
0.3181119
0.3217299
0.3251491
0.3288724
0.3325470
0.3362380
0.3400281
0.3436891
0.3475884
0.3517294
0.3556015
0.3598627
0.3640028
0.3685388
0.3733211
0.3779935
0.3829200
0.3883319
0.3935534
0.3988141
0.4040276
0.4077808
0.4118630
0.4162870
0.4203328
0.4250393
0.4296129
0.4333229
0.4385880
0.4429870
0.4478997
0.4530888
0.4583078
0.4636393
0.4696758
0.4755838
0.4818615
0.4885285
0.4949850
0.5018280
0.5089822
0.5160081
0.5226431
0.5281545
0.5329808
0.5370391
0.5404541
0.5437049
0.5465118
0.5501413
0.5544245
0.5587201
0.5627587
0.5663543
0.5700489
0.5747816
0.5798998
0.5846730
0.5896525
0.5948364
0.5991957
0.6046189
0.6103470
0.6163973
0.6218976
0.6281973
0.6348193
0.6413831
0.6493604
0.6569881
0.6648434
0.6726527
0.6806120
0.6891313
0.6927927
0.6988219
0.7054902
0.7113648
0.7176802
0.7244461
0.7311270
0.7381607
0.7455431
0.7531778
0.7612802
0.7697461
0.7792340
0.7898608
0.7994715
0.8101299
0.8214103
0.8322135
0.8442094
0.8565210
0.8685768
0.8809499
0.8919894
0.9033566
0.9147917
0.9261815
0.9379997
0.9495327
0.9613748
0.9732904
0.9855254
0.9978324
1.0103430
1.0229310
1.0355920
1.0483360
1.0616600
1.0749460
1.0880520
1.1003420
1.1121840
1.1239600
1.1354080
1.1465190
1.1586060
1.1703650
1.1793820
1.1855430
1.1907420
1.1952840
1.1967530
1.1939480
1.1890110
1.1783650
1.1692200
1.1663120
1.1653910
1.1767700
1.1772990
1.1714690
1.1627530
1.1582710
1.1552490
1.1484210
1.1405720
1.1322280
1.1244340
1.1164070
1.1094420
1.1039110
1.1000580
1.0969810
1.0935230
1.0870120
1.0806490
1.0738010
1.0673510
1.0592860
1.0498750
1.0400040
1.0270860
1.0149820
1.0061360
0.9959874
0.9875884
0.9792280
0.9698163
0.9603305
0.9482747
0.9355814
0.9223882
0.9127884
0.9037052
0.8920084
0.8806167
0.8688463
0.8570395
0.8439993
0.8342651
0.8220375
0.8101197
0.7980710
0.7878481
0.7782270
0.7692018
0.7607632
0.7514132
0.7421250
0.7351976
0.7281968
0.7216439
0.7163628
0.7120273
0.7090415
0.7070874
0.7059576
0.7060601
0.7059576
0.7067797
0.7058551
0.6973630
0.7017577
0.7003677
0.6990406
0.6966946
0.6970002
0.6967964
0.6976116
0.6990406
0.7004709
0.7022084
0.7044612
0.7070255
0.7103165
0.7139221
0.7181585
0.7227185
0.7277094
0.7334489
0.7397369
0.7466831
0.7538748
0.7629145
0.7700754
0.7791025
0.7875322
0.7966607
0.8060597
0.8118155
0.8179864
0.8237374
0.8308434
0.8367510
0.8438008
0.8499792
0.8571971
0.8643323
0.8712689
0.8782334
0.8843068
0.8900557
0.8951303
0.8995244
0.9048579
0.9103239
0.9142881
0.9175592
0.9238845
0.9299958
0.9350649
0.9399107
0.9447691
0.9498780
0.9500910
0.9489018
0.9471181
0.9451000
0.9424903
0.9398843
0.9396477
0.9396477
0.9396465
0.9398843
0.9407127
0.9395294
0.9400026
0.9409495
0.9411863
0.9415416
0.9421349
0.9424892
0.9433199
0.9447441
0.9464056
0.9491395
0.9519965
0.9550974
0.9585596
0.9580240
0.9559934
0.9562318
0.9558712
0.9568281
0.9576660
0.9558712
0.9565895
0.9580240
0.9595819
0.9616162
0.9549149
0.9534828
0.9518139
0.9513352
0.9513352
0.9522927
0.9530067
0.9545575
0.9564703
0.9588595
0.9613771
0.9642543
0.9677352
0.9715919
0.9717072
0.9704986
0.9696594
0.9688115
0.9684521
0.9672501
0.9665229
0.9652025
0.9635154
0.9600400
0.9577573
0.9551249
0.9527292
0.9498664
0.9473633
0.9446269
0.9421263
0.9398694
0.9392750
0.9383315
0.9385673
0.9382136
0.9380957
0.9397514
0.9410588
0.9363076
0.9344158
0.9315709
0.9298011
0.9301528
0.9281393
0.9286186
0.9326379
0.9321576
0.9346508
0.9384477
0.9404615
0.9439158
0.9477369
0.9526331
0.9576609
0.9631901
0.9698178
0.9769542
0.9835141
0.9909370
0.9986420
1.0062490
1.0157450
1.0255250
1.0324490
1.0398180
1.0488550
1.0566630
1.0653900
1.0759350
1.0847410
1.0951210
1.1056770
1.1166760
1.1282520
1.1401600
1.1535640
1.1662610
1.1795610
1.1934660
1.2085350
1.2230200
1.2381310
1.2541800
1.2703100
1.2876660
1.3050020
1.3225940
1.3410130
1.3573980
1.3721950
1.3865010
1.4021890
1.4176780
1.4336860
1.4500760
1.4661100
1.4823980
1.4990730
1.5159810
1.5322340
1.5490260
1.5651510
1.5801040
1.5946680
1.6088390
1.6240170
1.6390930
1.6551920
1.6709010
1.6850810
1.6985220
1.7115410
1.7237840
1.7338660
1.7377560
1.7398610
1.7416600
1.7426290
1.7426290
1.7366180
1.7322410
1.7341850
1.7337070
1.7324000
1.7429590
1.7369480
1.7359810
1.7364590
1.7343550
1.7288350
1.7220430
1.7149260
1.7065480
1.6962580
1.6852130
1.6740270
1.6620980
1.6495690
1.6356610
1.6188250
1.6022070
1.5852300
1.5684940
1.5515240
1.5357380
1.5213840
1.5081680
1.4936480
1.4779910
1.4631800
1.4484320
1.4345040
1.4206430
1.4069920
1.3931110
1.3794410
1.3661430
1.3524660
1.3387180
1.3266110
1.3148360
1.3035370
1.2938280
1.2839660
1.2719190
1.2531350
1.2330980
1.2180240
1.2037260
1.1899050
1.1721310
1.1560970
1.1400450
1.1241060
1.1120530
1.0998230
1.0879010
1.0766890
1.0660540
1.0586490
1.0524120
1.0459370
1.0396250
1.0348320
1.0320680
1.0215140
1.0167630
1.0094100
1.0008050
0.9937172
0.9888903
0.9831013
0.9798765
0.9797693
0.9781590
0.9798994
0.9813581
0.9829710
0.9870458
0.9919875
0.9969416
1.0025430
1.0095300
1.0171580
1.0253120
1.0345320
1.0441600
1.0543380
1.0648470
1.0770620
1.0910450
1.1018500
1.1149310
1.1288910
1.1365510
1.1470770
1.1551180
1.1642860
1.1738490
1.1828170
1.1922250
1.2009580
1.2096070
1.2163300
1.2218560
1.2260020
1.2298750
1.2327840
1.2344750
1.2351370
1.2341810
1.2319610
1.2284950
1.2251950
1.2240670
1.2287740
1.2293170
1.2282310
1.2236570
1.2151110
1.2196690
1.2149650
1.2101230
1.2048690
1.1988310
1.1914190
1.1832090
1.1741930
1.1645710
1.1543050
1.1432780
1.1326820
1.1217430
1.1116680
1.1009860
1.0906030
1.0803930
1.0703530
1.0607860
1.0522360
1.0442640
1.0369990
1.0308580
1.0260380
1.0189930
1.0097040
1.0007240
0.9928892
0.9858809
0.9822229
0.9801273
0.9796291
0.9747555
0.9686553
0.9662810
0.9656857
0.9659176
0.9521877
0.9476581
0.9438272
0.9402934
0.9384416
0.9380985
0.9385560
0.9397903
0.9418574
0.9444612
0.9478879
0.9518421
0.9538920
0.9542687
0.9545308
0.9552517
0.9553828
0.9556287
0.9557599
0.9556287
0.9542687
0.9524023
0.9496715
0.9463247
0.9451017
0.9453463
0.9443684
0.9439936
0.9444824
0.9451017
0.9462269
0.9478096
0.9498187
0.9519114
0.9509302
0.9528933
0.9546455
0.9561257
0.9573898
0.9573898
0.9596216
0.9633881
0.9664031
0.9705454
0.9745637
0.9789898
0.9840401
0.9888892
0.9922925
0.9948511
0.9986860
1.0027800
1.0072160
1.0109750
1.0131330
1.0168850
1.0207440
1.0250020
1.0290120
1.0330490
1.0368020
1.0413490
1.0446320
1.0460530
1.0476330
1.0500050
1.0506390
1.0500050
1.0510730
1.0522410
1.0531520
1.0551340
1.0585860
1.0606920
1.0635970
1.0673220
1.0714340
1.0764950
1.0800820
1.0866510
1.0909410
1.0966950
1.1029090
1.1094040
1.1147990
1.1210640
1.1275720
1.1335000
1.1333770
1.1326990
1.1319790
1.1296390
1.1260930
1.1216930
1.1171800
1.1126750
1.1075100
1.1008570
1.0928930
1.0841120
1.0813000
1.0804980
1.0799770
1.0811600
1.0827660
1.0849160
1.0880350
1.0897670
1.0918240
1.0959820
1.0982870
1.1005940
1.1015460
1.1013270
1.1010650
1.1011850
1.0988770
1.0964300
1.0931560
1.0892230
1.0836460
1.0805330
1.0778460
1.0750000
1.0732820
1.0719420
1.0728600
1.0747410
1.0780080
1.0818990
1.0818990
1.0838090
1.0859380
1.0885370
1.0918040
1.0873080
1.0874500
1.0879720
1.0863620
1.0852300
1.0847100
1.0848510
1.0857960
1.0877100
1.0909760
1.0901480
1.0894840
1.0882540
1.0861980
1.0873080
1.0889170
1.0942690
1.0932980
1.0902900
1.0934400
1.0978070
1.1013720
1.1048010
1.1094540
1.1135880
1.1144490
1.1185700
1.1213290
1.1221390
1.1236770
1.1228600
1.1235320
1.1242290
1.1247820
1.1236770
1.1275970
1.1284400
1.1306800
1.1341780
1.1372700
1.1417710
1.1473970
1.1526230
1.1581540
1.1650680
1.1712430
1.1779000
1.1846260
1.1918160
1.1991280
1.2062130
1.2135930
1.2213470
1.2266300
1.2296940
1.2335190
1.2370730
1.2410610
1.2459670
1.2515910
1.2564920
1.2624460
1.2692080
1.2754730
1.2816260
1.2899050
1.2986760
1.3054800
1.3143040
1.3240430
1.3334290
1.3433680
1.3546680
1.3656690
1.3765550
1.3887110
1.4014340
1.4134320
1.4240250
1.4328390
1.4424990
1.4514740
1.4608670
1.4694340
1.4774230
1.4870040
1.4959810
1.5019300
1.5068860
1.5110870
1.5144420
1.5167610
1.5239430
1.5273120
1.5287980
1.5256270
1.5201670
1.5079960
1.4953440
1.4918000
1.4931020
1.4885010
1.4951470
1.4913720
1.4821180
1.4715690
1.4635960
1.4577540
1.4506790
1.4436140
1.4362770
1.4283380
1.4202900
1.4120700
1.4038060
1.3954430
1.3874880
1.3798450
1.3728630
1.3663770
1.3594600
1.3533230
1.3486560
1.3448260
1.3421670
1.3402710
1.3392260
1.3376470
1.3340710
1.3295030
1.3258860
1.3227140
1.3199520
1.3108430
1.3000830
1.2908870
1.2814760
1.2737010
1.2661960
1.2579470
1.2493900
1.2403750
1.2309690
1.2213270
1.2109420
1.2047930
1.1994060
1.1929870
1.1890850
1.1850700
1.1786900
1.1728890
1.1715890
1.1680060
1.1522430
1.1431740
1.1389470
1.1315870
1.1232680
1.1239610
1.1181220
1.1162170
1.1176900
1.1168240
1.1179780
1.1197700
1.1192770
1.1188440
1.1180080
1.1130180
1.1037350
1.0921780
1.0792340
1.0643660
1.0474760
1.0389980
1.0308890
1.0223690
1.0172970
1.0097350
1.0059500
0.9970094
0.9879733
0.9792774
0.9703512
0.9617333
0.9539529
0.9456735
0.9387797
0.9311212
0.9242524
0.9193513
0.9156374
0.9115863
0.9078882
0.9072385
0.9079161
0.9073405
0.9069508
0.9071826
0.9062735
0.9045586
0.9018089
0.8977151
0.8925598
0.8879169
0.8834142
0.8807127
0.8781000
0.8760296
0.8742165
0.8639691
0.8589239
0.8571710
0.8538377
0.8521736
0.8492690
0.8507346
0.8550976
0.8586712
0.8591765
0.8625482
0.8675051
0.8741601
0.8746981
0.8731411
0.8688030
0.8623936
0.8538656
0.8418894
0.8333248
0.8253830
0.8191085
0.8130200
0.8102376
0.8094745
0.8034106
0.7956793
0.7880129
0.7806514
0.7723507
0.7628666
0.7534520
0.7435619
0.7334509
0.7231776
0.7127728
0.7020236
0.6912940
0.6805093
0.6698094
0.6588626
0.6480908
0.6376745
0.6289565
0.6170264
0.6054222
0.5939524
0.5830560
0.5723156
0.5622870
0.5520906
0.5421879
0.5323748
0.5227269
0.5134073
0.5044613
0.4961689
0.4875871
0.4791744
0.4713017
0.4640005
0.4570108
0.4515291
0.4467378
0.4430724
0.4403036
0.4365124
0.4318431
0.4270482
0.4224376
0.4180467
0.4139563
0.4096968
0.4007879
0.3952734
0.3893727
0.3831204
0.3778964
0.3729573
0.3686233
0.3642133
0.3603193
0.3568523
0.3532165
0.3501245
0.3472628
0.3443142
0.3415745
0.3388877
0.3364851
0.3341327
0.3318438
0.3297786
0.3277976
0.3257690
0.3235315
0.3210889
0.3187141
0.3164608
0.3141975
0.3120181
0.3098643
0.3076247
0.3054862
0.3032625
0.3011960
0.2990447
0.2967882
0.2945789
0.2924302
0.2903837
0.2883964
0.2863986
0.2844077
0.2827127
0.2812389
0.2795705
0.2784257
0.2773548
0.2755722
0.2734735
0.2714575
0.2693446
0.2669958
0.2641489
0.2610951
0.2590922
0.2567528
0.2546624
0.2530422
0.2510187
0.2492908
0.2476716
0.2452661
0.2433410
0.2417893
0.2397955
0.2375133
0.2362918
0.2350761
0.2332413
0.2319681
0.2305340
0.2295752
0.2286028
0.2275566
0.2253824
0.2241928
0.2230727
0.2219377
0.2210608
0.2196632
0.2182526
0.2172717
0.2156970
0.2144726
0.2129534
0.2117044
0.2102273
0.2087554
0.2075188
0.2059332
0.2050737
0.2035123
0.2024135
0.2017737
0.2009545
0.2003925
0.1998627
0.1993482
0.1990348
0.1985673
0.1983108
0.1979795
0.1977983
0.1978129
0.1980691
0.1980691
0.1984317
0.1989450
0.1994130
0.1998669
0.2006252
0.2013534
0.2016266
0.2017023
0.2016266
0.2016119
0.2013072
0.2009126
0.2005183
0.2003066
0.1999569
0.1998062
0.1994736
0.1993484
0.1992272
0.1990162
0.1988492
0.1984882
0.1982317
0.1982610
0.1981859
0.1996056
0.2012276
0.2034364
0.2062564
0.2069032
0.2082298
0.2092200
0.2105690
0.2112849
0.2119395
0.2125325
0.2122672
0.2115647
0.2103049
0.2094984
0.2085396
0.2075191
0.2073805
0.2071086
0.2067550
0.2055711
0.2040542
0.2026947
0.2012032
0.2007331
0.2005360
0.1997173
0.1991277
0.1992030
0.1995206
0.2000666
0.2005360
0.2012032
0.2024966
0.2011424
0.1991883
0.1969881
0.1946060
0.1935461
0.1909189
0.1880884
0.1856581
0.1827369
0.1807989
0.1787170
0.1766903
0.1752135
0.1739402
0.1735306
0.1732481
0.1735306
0.1728255
0.1719545
0.1709311
0.1700498
0.1693383
0.1689070
0.1687819
0.1686704
0.1680730
0.1675322
0.1667571
0.1664114
0.1659419
0.1654732
0.1649500
0.1648130
0.1640857
0.1635739
0.1625891
0.1618667
0.1611181
0.1602084
0.1595454
0.1588695
0.1582766
0.1578463
0.1573353
0.1569732
0.1565842
0.1565305
0.1565973
0.1572014
0.1580212
0.1586677
0.1593962
0.1592349
0.1592073
0.1588971
0.1584109
0.1579134
0.1574561
0.1567584
0.1563379
0.1556024
0.1541902
0.1536453
0.1530091
0.1523343
0.1519909
0.1517273
0.1517666
0.1519250
0.1521364
0.1525328
0.1532212
0.1541233
0.1548955
0.1562440
0.1577332
0.1595133
0.1610718
0.1627477
0.1649677
0.1674798
0.1686598
0.1693278
0.1706678
0.1721924
0.1734874
0.1751270
0.1769880
0.1790879
0.1808833
0.1836586
0.1866742
0.1890219
0.1915918
0.1918736
0.1934190
0.1948511
0.1960785
0.1977763
0.1993452
0.2011177
0.2028828
0.2045180
0.2060980
0.2076223
0.2091216
0.2105016
0.2118865
0.2133696
0.2147637
0.2154707
0.2162257
0.2173133
0.2182139
0.2189898
0.2201316
0.2207515
0.2216593
0.2228566
0.2239607
0.2249554
0.2263709
0.2276936
0.2291989
0.2307732
0.2323052
0.2340873
0.2361558
0.2378699
0.2399223
0.2425828
0.2448562
0.2474766
0.2508394
0.2535087
0.2561124
0.2594993
0.2624041
0.2654839
0.2693527
0.2729325
0.2769990
0.2816157
0.2858721
0.2907450
0.2960643
0.3014299
0.3069204
0.3127822
0.3187757
0.3251164
0.3317131
0.3384749
0.3453660
0.3512804
0.3569634
0.3625271
0.3672934
0.3715942
0.3752363
0.3772583
0.3792173
0.3808664
0.3831688
0.3854782
0.3872248
0.3886607
0.3900114
0.3920877
0.3948291
0.3975765
0.3994391
0.4011315
0.4027196
0.4039230
0.4052812
0.4061668
0.4106018
0.4134938
0.4164603
0.4191753
0.4216554
0.4244101
0.4263308
0.4282365
0.4292171
0.4300170
0.4305290
0.4313068
0.4321320
0.4335791
0.4342288
0.4351878
0.4362132
0.4370667
0.4378504
0.4386347
0.4394670
0.4406814
0.4415765
0.4424115
0.4429545
0.4442161
0.4448738
0.4452997
0.4461144
0.4470200
0.4481308
0.4500852
0.4524730
0.4546888
0.4568398
0.4581025
0.4580115
0.4577562
0.4579871
0.4586068
0.4585824
0.4587224
0.4586735
0.4590870
0.4596162
0.4601702
0.4610410
0.4615714
0.4622606
0.4624011
0.4623096
0.4622181
0.4618212
0.4625841
0.4637386
0.4651026
0.4656779
0.4660945
0.4656331
0.4644344
0.4643595
0.4643179
0.4642929
0.4642929
0.4648255
0.4655415
0.4654248
0.4658664
0.4674841
0.4696735
0.4717839
0.4740673
0.4774858
0.4815009
0.4853457
0.4896754
0.4942647
0.4977293
0.4989012
0.5006790
0.5038280
0.5072998
0.5119183
0.5152558
0.5178180
0.5193563
0.5208001
0.5192061
0.5194797
0.5196728
0.5199196
0.5207034
0.5218050
0.5233761
0.5253648
0.5276060
0.5307408
0.5333412
0.5364930
0.5407755
0.5443005
0.5483879
0.5532987
0.5578755
0.5628844
0.5684205
0.5740401
0.5797326
0.5846833
0.5887138
0.5935797
0.5990565
0.6040393
0.6097276
0.6158164
0.6219654
0.6278431
0.6345074
0.6404743
0.6463312
0.6516448
0.6569188
0.6616090
0.6670322
0.6720083
0.6771129
0.6818745
0.6869055
0.6918125
0.6964822
0.7021097
0.7071511
0.7124191
0.7163624
0.7210661
0.7262391
0.7337976
0.7428566
0.7469373
0.7548339
0.7611412
0.7689618
0.7773939
0.7856016
0.7931562
0.8008662
0.8088025
0.8163472
0.8189842
0.8194853
0.8185877
0.8143154
0.8100544
0.8045905
0.8055308
0.8070036
0.8048640
0.8030350
0.8096111
0.8088729
0.8071589
0.8057554
0.8044370
0.8019927
0.7995033
0.7966061
0.7935957
0.7901672
0.7868156
0.7834712
0.7800992
0.7775405
0.7750550
0.7731571
0.7713647
0.7700271
0.7694237
0.7679369
0.7669511
0.7661164
0.7650974
0.7639974
0.7630482
0.7604970
0.7561963
0.7530793
0.7503012
0.7455493
0.7405502
0.7354886
0.7303764
0.7246169
0.7186220
0.7134906
0.7082438
0.7016293
0.6950128
0.6882740
0.6810760
0.6760153
0.6729597
0.6678861
0.6627346
0.6579146
0.6538827
0.6496604
0.6454412
0.6415220
0.6371849
0.6317745
0.6272867
0.6233823
0.6200412
0.6179993
0.6113865
0.6040056
0.5972726
0.5923394
0.5868903
0.5813042
0.5739078
0.5670168
0.5599397
0.5521687
0.5471032
0.5433680
0.5390722
0.5350829
0.5297790
0.5244723
0.5196968
0.5150591
0.5109712
0.5071521
0.5011061
0.4960445
0.4911869
0.4861414
0.4811846
0.4765195
0.4717306
0.4669320
0.4625434
0.4584644
0.4546417
0.4521978
0.4517066
0.4521094
0.4512982
0.4505702
0.4501074
0.4492374
0.4475604
0.4468959
0.4479671
0.4499643
0.4529822
0.4555169
0.4490517
0.4465396
0.4444628
0.4423354
0.4412440
0.4408134
0.4409279
0.4417025
0.4430519
0.4450976
0.4476654
0.4509074
0.4545101
0.4581271
0.4617301
0.4653756
0.4683837
0.4711075
0.4733643
0.4755362
0.4771129
0.4756552
0.4749989
0.4740768
0.4725010
0.4727996
0.4712632
0.4707894
0.4705236
0.4693983
0.4681562
0.4665646
0.4655906
0.4652950
0.4637970
0.4619757
0.4588112
0.4552797
0.4523730
0.4492699
0.4474491
0.4455756
0.4437317
0.4420089
0.4417794
0.4422384
0.4419502
0.4417794
0.4417513
0.4418074
0.4418660
0.4413447
0.4407715
0.4404560
0.4388255
0.4371682
0.4363134
0.4352582
0.4330971
0.4328979
0.4315082
0.4291008
0.4277728
0.4261659
0.4246175
0.4223140
0.4198773
0.4177548
0.4149976
0.4117229
0.4089858
0.4054322
0.4022511
0.3987001
0.3952734
0.3912400
0.3875830
0.3842851
0.3809474
0.3774658
0.3741318
0.3709969
0.3679799
0.3660962
0.3648709
0.3609450
0.3574785
0.3538487
0.3501101
0.3460865
0.3415057
0.3367550
0.3338316
0.3297292
0.3269097
0.3238329
0.3205740
0.3176967
0.3149053
0.3124156
0.3101042
0.3077978
0.3048353
0.3018400
0.2987658
0.2958239
0.2923601
0.2887771
0.2849862
0.2804885
0.2757313
0.2711722
0.2676998
0.2631194
0.2592812
0.2549919
0.2500688
0.2454925
0.2390770
0.2318936
0.2251061
0.2174724
0.2089432
0.2006236
0.1918864
0.1828815
0.1742706
0.1653081
0.1562240
0.1472311
0.1382474
0.1293449
0.1205289
0.1118217
0.1035658
0.0958670
0.0886711
0.0817681
0.0752868
0.0692889
0.0632141
0.0574074
0.0524323
0.0479660
0.0439332
0.0403025
0.0361770
0.0321968
0.0284774
0.0269684
0.0259991
0.0249114
0.0241419
0.0231727
0.0201136
0.0189675
0.0179468
0.0170224
0.0164139
0.0162375
0.0154016
0.0148969
0.0150500
0.0153479
0.0151083
0.0153854
0.0153269
0.0154874
0.0156112
0.0156760
0.0154659
0.0154121
0.0152624
0.0149654
0.0145512
0.0142814
0.0139890
0.0137392
0.0136432
0.0132575
0.0127453
0.0124403
0.0121480
0.0116067
0.0108695
0.0102526
0.0093051
0.0088237
0.0081831
0.0085383
0.0078391
0.0069444
0.0064011
0.0059533
0.0052083
0.0044697
0.0037664
0.0030560
0.0023629
0.0017443
0.0011983
0.0007275
0.0003513
0.0001277
0.0000158
0.0000137
0.0001326
0.0003791
0.0007626
0.0012974
0.0020101
0.0028923
0.0039074
0.0051276
0.0064539
0.0079633
0.0096480
0.0115041
0.0134479
0.0155650
0.0178137
0.0201708
0.0227141
0.0253938
0.0282229
0.0313233
0.0343780
0.0376321
0.0409532
0.0437845
0.0466360
0.0496543
0.0526302
0.0559651
0.0592475
0.0626003
0.0661680
0.0696980
0.0734489
0.0773203
0.0814157
0.0855548
0.0898323
0.0941897
0.0989915
0.1038958
0.1085080
0.1134658
0.1184750
0.1234854
0.1285853
0.1335995
0.1386111
0.1436648
0.1477384
0.1514410
0.1542885
0.1567108
0.1588620
0.1601103
0.1608209
0.1621619
0.1633474
0.1653877
0.1648764
0.1644736
0.1648066
0.1657056
0.1644357
0.1687320
0.1739886
0.1778036
0.1818465
0.1860428
0.1909351
0.1969405
0.2039835
0.2094981
0.2151296
0.2175307
0.2191521
0.2206806
0.2210479
0.2216399
0.2218826
0.2217208
0.2210035
0.2197415
0.2186257
0.2172104
0.2153928
0.2130455
0.2114647
0.2110876
0.2095928
0.2107287
0.2126057
0.2158794
0.2199650
0.2266679
0.2350031
0.2410581
0.2492419
0.2524984
0.2560650
0.2557129
0.2579156
0.2617638
0.2674418
0.2727922
0.2775323
0.2831243
0.2892330
0.2958113
0.3034711
0.3111542
0.3196873
0.3286419
0.3383300
0.3486650
0.3597041
0.3707296
0.3819449
0.3939853
0.4059089
0.4185403
0.4315407
0.4446255
0.4581379
0.4718526
0.4851137
0.4969105
0.5088225
0.5207521
0.5324993
0.5440537
0.5555490
0.5663297
0.5769989
0.5864506
0.5954504
0.6043857
0.6129096
0.6209067
0.6284716
0.6338345
0.6370859
0.6397679
0.6435418
0.6493824
0.6527514
0.6508887
0.6602594
0.6624445
0.6671718
0.6704770
0.6680272
0.6628292
0.6602082
0.6544382
0.6478975
0.6413898
0.6335148
0.6264903
0.6189190
0.6108879
0.6034401
0.5970563
0.5917765
0.5879983
0.5853521
0.5827866
0.5810267
0.5838215
0.5889627
0.5990200
0.6016209
0.6020945
0.6037816
0.5971884
0.5967168
0.5955868
0.5934693
0.5921634
0.5911761
0.5911486
0.5903139
0.5909415
0.5912796
0.5916454
0.5922185
0.5929993
0.5939672
0.5948529
0.5949845
0.5949845
0.5940434
0.5924258
0.5917975
0.5910726
0.5940434
0.5965778
0.6021431
0.6033765
0.6094989
0.6138718
0.6199128
0.6261337
0.6311011
0.6371693
0.6454942
0.6523700
0.6602447
0.6695201
0.6778062
0.6864206
0.6949477
0.7033304
0.7124468
0.7207302
0.7281397
0.7348025
0.7407637
0.7460190
0.7502964
0.7543516
0.7577949
0.7604525
0.7621365
0.7629050
0.7633200
0.7632588
0.7625721
0.7575837
0.7538164
0.7472171
0.7389868
0.7429066
0.7392052
0.7364570
0.7330760
0.7301512
0.7275643
0.7266405
0.7267992
0.7270446
0.7281853
0.7305563
0.7346858
0.7403845
0.7476854
0.7492232
0.7501172
0.7485639
0.7463101
0.7428920
0.7390742
0.7348453
0.7258899
0.7150961
0.7010179
0.6875572
0.6746015
0.6637812
0.6516269
0.6411717
0.6309476
0.6285294
0.6285422
0.6320916
0.6380568
0.6412935
0.6453280
0.6452319
0.6431262
0.6408454
0.6362184
0.6367991
0.6394504
0.6417807
0.6454502
0.6491693
0.6536809
0.6573046
0.6588033
0.6602910
0.6615844
0.6631008
0.6635314
0.6629900
0.6668180
0.6701858
0.6710902
0.6714504
0.6720080
0.6721453
0.6717978
0.6708416
0.6692691
0.6690081
0.6686357
0.6693420
0.6698388
0.6685629
0.6669164
0.6658398
0.6647043
0.6637786
0.6608950
0.6557872
0.6494147
0.6432068
0.6350967
0.6266184
0.6180662
0.6086156
0.6022303
0.5962411
0.5922610
0.5897468
0.5883756
0.5883756
0.5905144
0.5941035
0.6014668
0.6111223
0.6230399
0.6240681
0.6271819
0.6267263
0.6258276
0.6223828
0.6256000
0.6262709
0.6286216
0.6320218
0.6319135
0.6323823
0.6322621
0.6319252
0.6325875
0.6325142
0.6350228
0.6348055
0.6363745
0.6382488
0.6385757
0.6384667
0.6374747
0.6359160
0.6346734
0.6329364
0.6307948
0.6290280
0.6271557
0.6217706
0.6143183
0.6055910
0.5971710
0.5912758
0.5853873
0.5762951
0.5663682
0.5667790
0.5630227
0.5585864
0.5528268
0.5473998
0.5425601
0.5380947
0.5333383
0.5291095
0.5253816
0.5213712
0.5176035
0.5110428
0.5059327
0.5017838
0.4966342
0.4911640
0.4856490
0.4798815
0.4732194
0.4678898
0.4618776
0.4556911
0.4502192
0.4434760
0.4369474
0.4306098
0.4239013
0.4175802
0.4112101
0.4070202
0.4037007
0.4037007
0.4050804
0.4076210
0.4087633
0.4084144
0.4042300
0.4019683
0.4002309
0.3977047
0.3949204
0.3912325
0.3886759
0.3853561
0.3823709
0.3793218
0.3763600
0.3733350
0.3686854
0.3635817
0.3580074
0.3559768
0.3513666
0.3481461
0.3456463
0.3430273
0.3411116
0.3400045
0.3385020
0.3383275
0.3389865
0.3383432
0.3392965
0.3402511
0.3413429
0.3420846
0.3433471
0.3442916
0.3459109
0.3471964
0.3488712
0.3507846
0.3526622
0.3541982
0.3544574
0.3547747
0.3551889
0.3556536
0.3564601
0.3572752
0.3581572
0.3592117
0.3603341
0.3617278
0.3629598
0.3643428
0.3658857
0.3674476
0.3692299
0.3712817
0.3731725
0.3750760
0.3770602
0.3791417
0.3813131
0.3835511
0.3857351
0.3879859
0.3900283
0.3893612
0.3883487
0.3875304
0.3871833
0.3866127
0.3865203
0.3843504
0.3837819
0.3831142
0.3828764
0.3829531
0.3820563
0.3812140
0.3803192
0.3788302
0.3771842
0.3752987
0.3731909
0.3705907
0.3678043
0.3653129
0.3626658
0.3598499
0.3572968
0.3548044
0.3506145
0.3445994
0.3385122
0.3323736
0.3252434
0.3199129
0.3151284
0.3102413
0.3051862
0.3003025
0.2956062
0.2920978
0.2891643
0.2845626
0.2786801
0.2726212
0.2665065
0.2609358
0.2540910
0.2469368
0.2431556
0.2401632
0.2404071
0.2418377
0.2443133
0.2486500
0.2461020
0.2436847
0.2427791
0.2420704
0.2396230
0.2368570
0.2320879
0.2305669
0.2291758
0.2270377
0.2249901
0.2228020
0.2206885
0.2181614
0.2166394
0.2151649
0.2154120
0.2149231
0.2130461
0.2120064
0.2109743
0.2115839
0.2112764
0.2096022
0.2111722
0.2103672
0.2098168
0.2091630
0.2085151
0.2086242
0.2082721
0.2082051
0.2082771
0.2084481
0.2086913
0.2090437
0.2094015
0.2095931
0.2097646
0.2102526
0.2104245
0.2107935
0.2110803
0.2113249
0.2116222
0.2116796
0.2112675
0.2106064
0.2097124
0.2086913
0.2073803
0.2050833
0.2031373
0.2010931
0.1988266
0.1966885
0.1954739
0.1941434
0.1922594
0.1903254
0.1888541
0.1875510
0.1860319
0.1856499
0.1855824
0.1859826
0.1859689
0.1862030
0.1844071
0.1824017
0.1810236
0.1799115
0.1789704
0.1776537
0.1761886
0.1743808
0.1716326
0.1686343
0.1656157
0.1624604
0.1600147
0.1576495
0.1553966
0.1534050
0.1512762
0.1496176
0.1481649
0.1467750
0.1439122
0.1419526
0.1402523
0.1384614
0.1371066
0.1362929
0.1351940
0.1344395
0.1342521
0.1335347
0.1333937
0.1335347
0.1332948
0.1327583
0.1318666
0.1310234
0.1291682
0.1269028
0.1247903
0.1234269
0.1221149
0.1207732
0.1203607
0.1195586
0.1187557
0.1184069
0.1186261
0.1191152
0.1183638
0.1190253
0.1190287
0.1193818
0.1205921
0.1211759
0.1224356
0.1232473
0.1244770
0.1257092
0.1264759
0.1262014
0.1266612
0.1267059
0.1270703
0.1270737
0.1271666
0.1270771
0.1271184
0.1268880
0.1272527
0.1272561
0.1276695
0.1277144
0.1280802
0.1284017
0.1290006
0.1297400
0.1302514
0.1309978
0.1319286
0.1330034
0.1337965
0.1347902
0.1356881
0.1366354
0.1366529
0.1367492
0.1367492
0.1367526
0.1366529
0.1367458
0.1366994
0.1367458
0.1371244
0.1375967
0.1378900
0.1384137
0.1391727
0.1402294
0.1418608
0.1423411
0.1433588
0.1448100
0.1463270
0.1473106
0.1482456
0.1490274
0.1499192
0.1507232
0.1518647
0.1519259
0.1516252
0.1521743
0.1526262
0.1533740
0.1532687
0.1538769
0.1541235
0.1544760
0.1552249
0.1557804
0.1570868
0.1578420
0.1588563
0.1600281
0.1609415
0.1620704
0.1630439
0.1639220
0.1646494
0.1664060
0.1675059
0.1688053
0.1704317
0.1715377
0.1721379
0.1726147
0.1726670
0.1728761
0.1737242
0.1741997
0.1741438
0.1744132
0.1756304
0.1772256
0.1796374
0.1816327
0.1833627
0.1854328
0.1871227
0.1888311
0.1923778
0.1953901
0.2000688
0.2030839
0.2064718
0.2101182
0.2138548
0.2177339
0.2217820
0.2255139
0.2279176
0.2307606
0.2338534
0.2366756
0.2385807
0.2401889
0.2420461
0.2437862
0.2449757
0.2458521
0.2481108
0.2507539
0.2533593
0.2565436
0.2591069
0.2624598
0.2660250
0.2704068
0.2750182
0.2801428
0.2865215
0.2886214
0.2930444
0.2979255
0.3024842
0.3062286
0.3108293
0.3146995
0.3187236
0.3234966
0.3285090
0.3342995
0.3401364
0.3463898
0.3530696
0.3600526
0.3677010
0.3756655
0.3838669
0.3922400
0.4008674
0.4098257
0.4195253
0.4295175
0.4394461
0.4499148
0.4608582
0.4718367
0.4829395
0.4945303
0.5027988
0.5123307
0.5221243
0.5316533
0.5433844
0.5561762
0.5683630
0.5826812
0.6003692
0.6170467
0.6350444
0.6573630
0.6831497
0.7140738
0.7435230
0.7745633
0.8098326
0.8420922
0.8781427
0.9211779
0.9648848
1.0108490
1.0578830
1.1066470
1.1566460
1.2066450
1.2542970
1.3017320
1.3486140
1.3927780
1.4352720
1.4802240
1.5247980
1.5625430
1.5968140
1.6286060
1.6663240
1.7075690
1.7440350
1.7962300
1.8290900
1.8666600
1.8968980
1.9158050
1.9403620
1.9561760
1.9579170
1.9669890
1.9687350
1.9648910
1.9636660
1.9533340
1.9394800
1.9213670
1.8954920
1.8719800
1.8513260
1.8346430
1.8208860
1.8041800
1.7845670
1.7625750
1.7327260
1.6956810
1.6537590
1.6098540
1.5683990
1.5285510
1.4905940
1.4551960
1.4218560
1.3894940
1.3587960
1.3343120
1.3128960
1.2927880
1.2729640
1.2539910
1.2244040
1.1921700
1.1662430
1.1390050
1.1198050
1.1031070
1.0835760
1.0684220
1.0556720
1.0462900
1.0350510
1.0273880
1.0210010
1.0142650
1.0105240
1.0071730
1.0074150
1.0099040
1.0108980
1.0166310
1.0271390
1.0359340
1.0460340
1.0647170
1.0815140
1.1001210
1.1250510
1.1491330
1.1713460
1.1980950
1.2226870
1.2505570
1.2790250
1.3072560
1.3366430
1.3667850
1.3936290
1.4188150
1.4421530
1.4635860
1.4832160
1.4990540
1.5119330
1.5221240
1.5347910
1.5501270
1.5592170
1.5875570
1.6051930
1.6108250
1.6177290
1.6170970
1.6111430
1.6078520
1.5951560
1.5833500
1.5657170
1.5394530
1.5152220
1.4877280
1.4539470
1.4256920
1.3974240
1.3677070
1.3367420
1.2961480
1.2534200
1.2081510
1.1661090
1.1253380
1.0858050
1.0484940
1.0102250
0.9733875
0.9402280
0.9095232
0.8805953
0.8537372
0.8285242
0.8035769
0.7835925
0.7635354
0.7387463
0.7096245
0.6878086
0.6632256
0.6423379
0.6254790
0.6079824
0.5943323
0.5823413
0.5687070
0.5577134
0.5472835
0.5374901
0.5290428
0.5216380
0.5139296
0.5075939
0.5013859
0.4954746
0.4902926
0.4851324
0.4804299
0.4760870
0.4719355
0.4681361
0.4645198
0.4605040
0.4571654
0.4534158
0.4493671
0.4450058
0.4408340
0.4368396
0.4326217
0.4273002
0.4216945
0.4157231
0.4094041
0.4025835
0.3956724
0.3885073
0.3822497
0.3760383
0.3701794
0.3640673
0.3582303
0.3509791
0.3434425
0.3358473
0.3282612
0.3205559
0.3117723
0.3025045
0.2927762
0.2827477
0.2771500
0.2724999
0.2691727
0.2645383
0.2602569
0.2513019
0.2422069
0.2376884
0.2314953
0.2241044
0.2164899
0.2111445
0.2032551
0.1964408
0.1889406
0.1819026
0.1745331
0.1673189
0.1603025
0.1530527
0.1461123
0.1391932
0.1324445
0.1264309
0.1207267
0.1153199
0.1107337
0.1066011
0.1034774
0.1008843
0.0988258
0.0972471
0.0959472
0.0942429
0.0924399
0.0938667
0.0903959
0.0857268
0.0845086
0.0824134
0.0813217
0.0806581
0.0802050
0.0803101
0.0804840
0.0808334
0.0818850
0.0829784
0.0843294
0.0860152
0.0880824
0.0903959
0.0933757
0.0960632
0.0993668
0.1026737
0.1062090
0.1104561
0.1152460
0.1197535
0.1256509
0.1327638
0.1395671
0.1473865
0.1559537
0.1647151
0.1771090
0.1911914
0.2043059
0.2190638
0.2366601
0.2534511
0.2724828
0.2944667
0.3168175
0.3397011
0.3638275
0.3881682
0.4127448
0.4382361
0.4639883
0.4885871
0.5122080
0.5350599
0.5573002
0.5788722
0.6003813
0.6213154
0.6419112
0.6596559
0.6763225
0.7041890
0.7278891
0.7467681
0.7691218
0.7882016
0.7975042
0.8102796
0.8197081
0.8222639
0.8278475
0.8291880
0.8240465
0.8212618
0.8144897
0.8011259
0.7892911
0.7751690
0.7564625
0.7390344
0.7216132
0.6985428
0.6745347
0.6496556
0.6250572
0.6004531
0.5760591
0.5515398
0.5278183
0.5042711
0.4815115
0.4594486
0.4382266
0.4177438
0.3980657
0.3793874
0.3616016
0.3446046
0.3295610
0.3156155
0.3037278
0.2935930
0.2839622
0.2750044
0.2671420
0.2624027
0.2483821
0.2386611
0.2317557
0.2233257
0.2172173
0.2147083
0.2089461
0.2042602
0.2033170
0.2042587
0.2038157
0.2042039
0.2053706
0.2080489
0.2109691
0.2143103
0.2185371
0.2236156
0.2292219
0.2351949
0.2423319
0.2506811
0.2582342
0.2676121
0.2785803
0.2895074
0.3017862
0.3181160
0.3340963
0.3507948
0.3700184
0.3903655
0.4128340
0.4377134
0.4627380
0.4895709
0.5182196
0.5487757
0.5796474
0.6100184
0.6417558
0.6737943
0.7060926
0.7379936
0.7698451
0.8003906
0.8300800
0.8578052
0.8861001
0.9136811
0.9413283
0.9667345
0.9900331
1.0071990
1.0458580
1.0772000
1.1030780
1.1301310
1.1517390
1.1651930
1.1780640
1.1861960
1.1871290
1.1915440
1.1915400
1.1847310
1.1804620
1.1723530
1.1577960
1.1455590
1.1297400
1.1119610
1.0965040
1.0794980
1.0540460
1.0248050
0.9968272
0.9694788
0.9437022
0.9194461
0.8941128
0.8694811
0.8463192
0.8233570
0.8040073
0.7851859
0.7675982
0.7522241
0.7395294
0.7278872
0.7179964
0.7080668
0.6936141
0.6753727
0.6655467
0.6537114
0.6418827
0.6316234
0.6241509
0.6184556
0.6154736
0.6138404
0.6128817
0.6130742
0.6143210
0.6172027
0.6193210
0.6230863
0.6271539
0.6313314
0.6345474
0.6371827
0.6392357
0.6403417
0.6403433
0.6397554
0.6386793
0.6391694
0.6396580
0.6404408
0.6405383
0.6402442
0.6399503
0.6402442
0.6413232
0.6423998
0.6417134
0.6405399
0.6392667
0.6377987
0.6361397
0.6327296
0.6294253
0.6260317
0.6213952
0.6156223
0.6110231
0.6020668
0.5973303
0.5953472
0.5932323
0.5876910
0.5825500
0.5763159
0.5691940
0.5608340
0.5521722
0.5420486
0.5323744
0.5215496
0.5091783
0.4985081
0.4861599
0.4748923
0.4633407
0.4530816
0.4432640
0.4341975
0.4255436
0.4175291
0.4103734
0.4070910
0.4054552
0.4049886
0.4047548
0.4042111
0.4029689
0.3987762
0.3882037
0.3831218
0.3769483
0.3733571
0.3694870
0.3666718
0.3642348
0.3628354
0.3617332
0.3611459
0.3609986
0.3610725
0.3615125
0.3620274
0.3629095
0.3639398
0.3654151
0.3668190
0.3683742
0.3700069
Standard deviation: 0.7085852
