0.0000000
0.0000004
0.0000019
0.0000017
0.0000021
0.0000045
0.0000100
0.0000165
0.0000226
0.0000295
0.0000412
0.0000500
0.0000671
0.0000821
0.0001048
0.0001346
0.0001584
0.0002007
0.0002438
0.0003043
0.0003600
0.0004081
0.0004926
0.0005460
0.0006404
0.0006853
0.0007967
0.0008452
0.0009515
0.0010695
0.0011532
0.0012926
0.0014068
0.0015303
0.0017059
0.0018745
0.0020387
0.0022433
0.0024360
0.0026704
0.0028950
0.0031746
0.0034383
0.0037760
0.0017887
0.0019108
0.0020543
0.0021901
0.0023382
0.0024180
0.0026209
0.0027884
0.0029109
0.0030963
0.0032534
0.0034558
0.0036181
0.0036908
0.0039334
0.0040508
0.0042086
0.0043407
0.0044932
0.0046593
0.0047830
0.0049699
0.0051445
0.0054706
0.0055764
0.0059577
0.0062090
0.0063952
0.0068665
0.0070995
0.0072940
0.0075385
0.0079224
0.0081524
0.0083110
0.0084209
0.0087855
0.0088575
0.0088985
0.0091896
0.0093522
0.0092945
0.0094637
0.0097580
0.0098933
0.0097689
0.0100405
0.0104887
0.0107586
0.0106853
0.0109638
0.0112631
0.0115783
0.0118561
0.0121974
0.0125683
0.0128635
0.0132817
0.0137006
0.0139895
0.0143406
0.0145373
0.0151228
0.0152437
0.0154740
0.0157125
0.0162579
0.0166220
0.0169333
0.0168835
0.0175570
0.0181849
0.0184955
0.0193897
0.0203207
0.0205334
0.0210769
0.0217644
0.0224630
0.0231804
0.0238419
0.0245300
0.0251238
0.0257767
0.0263673
0.0274243
0.0279791
0.0282995
0.0285942
0.0294688
0.0300246
0.0304040
0.0307574
0.0308531
0.0314898
0.0321131
0.0326932
0.0337376
0.0344333
0.0346567
0.0348977
0.0353275
0.0363508
0.0372833
0.0381958
0.0392274
0.0395304
0.0408774
0.0418884
0.0428096
0.0441304
0.0450647
0.0463132
0.0475915
0.0489590
0.0507389
0.0527010
0.0540761
0.0554046
0.0568020
0.0584002
0.0602900
0.0620447
0.0633445
0.0640331
0.0659914
0.0674869
0.0690418
0.0707457
0.0724546
0.0741398
0.0757995
0.0771127
0.0783918
0.0796207
0.0807799
0.0830616
0.0845002
0.0851039
0.0863193
0.0869619
0.0875588
0.0887258
0.0898518
0.0908693
0.0917606
0.0925733
0.0942752
0.0954860
0.0966197
0.0975840
0.0981307
0.0987994
0.0996077
0.1009905
0.1014080
0.1013211
0.1016688
0.1018781
0.1019653
0.1018948
0.1017040
0.1020691
0.1033120
0.1035399
0.1042623
0.1051453
0.1059791
0.1067271
0.1074777
0.1092571
0.1113242
0.1115432
0.1128599
0.1144612
0.1159471
0.1175143
0.1183397
0.1184336
0.1183397
0.1183957
0.1183397
0.1180762
0.1179825
0.1178329
0.1178329
0.1176457
0.1174764
0.1172338
0.1165985
0.1172715
0.1170092
0.1170470
0.1171781
0.1173272
0.1181141
0.1192804
0.1198284
0.1202449
0.1206418
0.1208285
0.1223895
0.1230974
0.1237114
0.1245377
0.1254842
0.1262402
0.1270564
0.1278753
0.1287946
0.1296775
0.1293245
0.1309981
0.1331017
0.1351217
0.1365513
0.1379474
0.1394112
0.1409851
0.1426710
0.1437676
0.1446386
0.1450119
0.1460331
0.1470154
0.1476908
0.1470623
0.1460375
0.1447048
0.1430265
0.1411335
0.1388654
0.1366756
0.1350854
0.1338037
0.1321713
0.1305276
0.1286216
0.1289339
0.1288174
0.1288756
0.1291113
0.1293658
0.1298783
0.1306662
0.1329660
0.1358888
0.1392311
0.1428007
0.1441443
0.1448748
0.1447904
0.1444370
0.1439191
0.1446250
0.1454563
0.1458109
0.1466880
0.1476528
0.1487030
0.1498856
0.1498856
0.1496316
0.1492723
0.1490616
0.1489135
0.1488510
0.1484302
0.1479675
0.1470866
0.1463746
0.1451865
0.1440841
0.1429053
0.1416286
0.1411384
0.1405241
0.1402175
0.1399717
0.1395033
0.1391150
0.1388099
0.1383624
0.1381595
0.1379568
0.1379156
0.1372673
0.1358747
0.1346486
0.1336681
0.1332694
0.1331108
0.1329708
0.1329118
0.1325917
0.1325732
0.1326136
0.1320367
0.1318385
0.1320367
0.1314610
0.1308885
0.1301585
0.1298234
0.1292925
0.1288025
0.1280965
0.1275907
0.1266362
0.1267909
0.1258788
0.1259362
0.1256066
0.1257033
0.1259756
0.1262268
0.1263057
0.1264027
0.1264027
0.1264997
0.1264027
0.1262088
0.1258000
0.1250844
0.1242176
0.1231411
0.1217340
0.1206683
0.1196632
0.1187215
0.1177073
0.1166042
0.1154685
0.1141540
0.1134180
0.1127928
0.1126266
0.1127555
0.1129387
0.1134724
0.1142086
0.1147453
0.1151906
0.1156540
0.1161011
0.1155234
0.1153003
0.1151529
0.1148754
0.1145982
0.1138402
0.1131643
0.1123401
0.1114074
0.1108415
0.1101699
0.1097177
0.1094469
0.1091929
0.1084365
0.1080940
0.1073049
0.1073049
0.1068951
0.1068951
0.1072156
0.1069479
0.1068059
0.1067332
0.1066441
0.1065024
0.1064660
0.1065914
0.1065551
0.1067332
0.1068059
0.1060765
0.1050656
0.1043037
0.1038638
0.1034051
0.1027047
0.1019356
0.1010472
0.1004924
0.0997668
0.0992155
0.0979120
0.0963438
0.0946394
0.0933323
0.0919854
0.0905662
0.0894173
0.0882942
0.0879703
0.0877096
0.0876618
0.0882942
0.0880182
0.0878086
0.0876431
0.0871265
0.0866443
0.0856330
0.0841524
0.0824959
0.0805918
0.0794943
0.0784944
0.0774734
0.0762912
0.0748635
0.0737015
0.0726087
0.0715372
0.0705034
0.0695620
0.0689292
0.0683707
0.0681861
0.0681861
0.0681149
0.0679145
0.0678015
0.0670067
0.0661311
0.0657937
0.0654159
0.0647739
0.0642200
0.0637904
0.0632812
0.0631441
0.0625815
0.0629510
0.0627460
0.0629791
0.0630475
0.0632531
0.0635152
0.0637904
0.0641634
0.0644683
0.0648308
0.0652069
0.0655142
0.0658510
0.0662427
0.0664821
0.0667925
0.0668121
0.0667128
0.0668826
0.0669242
0.0669531
0.0668121
0.0665721
0.0662622
0.0653782
0.0641827
0.0628177
0.0616182
0.0606865
0.0598012
0.0588292
0.0576149
0.0562987
0.0554199
0.0545480
0.0538353
0.0535826
0.0534048
0.0533418
0.0534048
0.0534936
0.0535681
0.0537575
0.0535164
0.0533903
0.0533015
0.0528732
0.0523841
0.0518240
0.0512528
0.0504756
0.0502059
0.0499119
0.0491698
0.0483379
0.0475238
0.0461878
0.0446374
0.0429233
0.0415857
0.0402917
0.0386202
0.0369101
0.0370674
0.0362205
0.0353623
0.0344339
0.0334973
0.0324754
0.0312453
0.0300778
0.0288397
0.0275186
0.0262546
0.0249517
0.0236229
0.0223304
0.0210348
0.0197552
0.0185225
0.0173294
0.0161494
0.0150368
0.0139448
0.0129687
0.0121002
0.0112841
0.0105308
0.0098306
0.0092067
0.0085173
0.0079373
0.0073130
0.0067315
0.0061653
0.0055748
0.0050219
0.0047133
0.0044871
0.0043096
0.0041356
0.0039997
0.0039000
0.0037209
0.0035432
0.0033763
0.0032253
0.0030511
0.0028227
0.0026739
0.0024310
0.0022020
0.0019772
0.0017416
0.0015060
0.0012915
0.0010882
0.0008860
0.0007561
0.0006309
0.0005309
0.0004102
0.0002435
0.0001466
0.0000894
0.0000409
0.0000094
0.0000000
0.0000078
0.0000299
0.0000650
0.0001148
0.0001721
0.0002194
0.0002881
0.0003577
0.0004047
0.0004721
0.0005247
0.0005693
0.0006185
0.0006309
0.0006090
0.0006129
0.0005743
0.0005119
0.0004756
0.0004089
0.0003293
0.0002742
0.0002003
0.0001304
0.0000873
0.0000427
0.0000151
0.0000036
0.0000003
0.0000003
0.0000013
0.0000033
0.0000043
0.0000095
0.0000161
0.0000213
0.0000182
0.0000115
0.0000041
0.0000005
0.0000007
0.0000051
0.0000087
0.0000051
0.0000090
0.0000177
0.0000264
0.0000355
0.0000512
0.0000718
0.0000914
0.0000493
0.0000430
0.0000385
0.0000402
0.0000437
0.0000528
0.0000663
0.0000899
0.0001304
0.0001699
0.0002242
0.0003039
0.0003935
0.0004824
0.0005806
0.0006921
0.0008369
0.0009939
0.0011753
0.0013965
0.0016568
0.0019224
0.0022283
0.0025900
0.0029938
0.0034240
0.0039101
0.0044573
0.0048297
0.0051421
0.0054159
0.0056230
0.0057756
0.0058379
0.0059301
0.0059808
0.0059598
0.0060529
0.0060804
0.0061057
0.0061698
0.0062950
0.0062734
0.0062087
0.0059364
0.0058317
0.0059154
0.0064037
0.0063908
0.0065223
0.0064563
0.0064563
0.0064783
0.0064126
0.0063384
0.0061444
0.0059364
0.0056990
0.0053418
0.0050347
0.0047821
0.0044884
0.0041864
0.0038805
0.0035934
0.0033394
0.0031802
0.0029950
0.0028068
0.0026024
0.0024192
0.0022140
0.0020280
0.0018219
0.0016160
0.0014326
0.0012700
0.0011301
0.0009983
0.0008206
0.0006492
0.0004882
0.0003718
0.0002667
0.0002048
0.0001613
0.0001217
0.0000847
0.0000528
0.0000295
0.0000157
0.0000065
0.0000016
0.0000001
0.0000004
0.0000018
0.0000036
0.0000026
0.0000006
0.0000001
0.0000041
0.0000168
0.0000444
0.0000862
0.0000950
0.0000913
0.0001043
0.0001242
0.0001857
0.0002492
0.0003151
0.0003985
0.0004954
0.0004773
0.0005076
0.0005325
0.0005632
0.0006027
0.0006632
0.0007413
0.0008285
0.0009287
0.0010507
0.0011858
0.0013531
0.0014953
0.0016667
0.0018289
0.0020035
0.0021757
0.0023683
0.0025716
0.0028299
0.0030339
0.0033109
0.0035735
0.0039348
0.0042634
0.0046016
0.0050099
0.0054080
0.0058252
0.0063146
0.0067515
0.0072449
0.0077941
0.0082887
0.0088498
0.0094028
0.0099674
0.0105424
0.0110643
0.0115933
0.0121225
0.0126701
0.0131663
0.0136470
0.0140261
0.0143643
0.0146343
0.0148662
0.0150330
0.0151336
0.0157105
0.0161736
0.0166488
0.0172391
0.0180660
0.0190251
0.0201249
0.0214635
0.0218815
0.0231517
0.0238971
0.0247227
0.0257725
0.0270501
0.0284231
0.0294922
0.0305708
0.0313390
0.0325887
0.0338128
0.0349670
0.0363794
0.0378526
0.0392674
0.0405327
0.0417849
0.0421606
0.0421271
0.0418809
0.0417917
0.0416021
0.0412796
0.0414684
0.0417468
0.0424187
0.0432550
0.0442254
0.0449169
0.0456258
0.0464456
0.0471542
0.0480715
0.0491428
0.0505076
0.0520528
0.0538241
0.0559214
0.0581639
0.0603834
0.0626994
0.0649894
0.0669732
0.0686506
0.0699295
0.0712057
0.0720824
0.0727877
0.0733485
0.0743126
0.0753580
0.0754330
0.0752231
0.0747150
0.0740004
0.0731564
0.0720531
0.0718335
0.0717457
0.0715703
0.0712785
0.0708856
0.0706532
0.0704502
0.0703054
0.0695403
0.0687078
0.0676658
0.0666890
0.0658037
0.0647853
0.0638854
0.0630602
0.0625814
0.0621174
0.0618456
0.0620224
0.0622946
0.0629776
0.0634034
0.0639960
0.0646607
0.0650358
0.0654541
0.0658881
0.0667035
0.0675093
0.0672968
0.0668020
0.0661542
0.0660139
0.0652171
0.0643493
0.0630950
0.0616636
0.0602613
0.0587166
0.0569962
0.0559062
0.0548653
0.0539106
0.0529512
0.0520134
0.0513182
0.0507633
0.0504193
0.0499913
0.0498693
0.0501987
0.0504193
0.0508248
0.0512937
0.0518269
0.0524500
0.0515658
0.0515038
0.0513182
0.0511435
0.0510574
0.0509957
0.0509341
0.0508970
0.0509586
0.0509586
0.0509713
0.0509713
0.0510329
0.0511563
0.0513044
0.0514281
0.0515145
0.0516888
0.0518622
0.0520617
0.0523111
0.0525363
0.0529372
0.0534918
0.0538964
0.0545450
0.0553768
0.0559819
0.0567729
0.0573338
0.0578057
0.0585559
0.0594979
0.0605817
0.0616753
0.0623138
0.0627232
0.0629969
0.0633127
0.0635188
0.0636292
0.0634773
0.0631482
0.0623549
0.0613229
0.0600317
0.0589003
0.0577661
0.0567079
0.0561501
0.0554920
0.0546979
0.0538330
0.0529372
0.0522121
0.0516150
0.0520875
0.0522616
0.0523746
0.0526496
0.0522121
0.0519630
0.0527371
0.0528755
0.0531268
0.0529382
0.0527998
0.0531268
0.0536944
0.0543923
0.0552362
0.0558928
0.0565399
0.0573608
0.0582932
0.0593522
0.0592331
0.0589939
0.0585832
0.0579293
0.0567395
0.0556653
0.0543334
0.0529298
0.0524040
0.0525786
0.0523910
0.0517928
0.0510258
0.0507180
0.0503002
0.0499095
0.0493131
0.0491075
0.0484445
0.0479889
0.0473805
0.0467884
0.0462110
0.0455679
0.0450101
0.0442606
0.0436420
0.0429830
0.0422707
0.0416221
0.0409566
0.0403617
0.0395978
0.0388300
0.0381018
0.0372751
0.0364575
0.0356898
0.0350227
0.0343313
0.0337972
0.0333369
0.0329198
0.0324358
0.0319756
0.0315278
0.0316834
0.0320438
0.0325834
0.0328600
0.0331575
0.0335468
0.0337972
0.0340964
0.0340660
0.0338751
0.0336443
0.0331653
0.0325121
0.0320413
0.0315738
0.0308506
0.0303444
0.0296541
0.0288973
0.0282515
0.0276215
0.0269631
0.0263393
0.0257841
0.0256701
0.0257138
0.0258892
0.0263126
0.0269631
0.0278032
0.0282973
0.0288973
0.0293171
0.0296549
0.0303165
0.0311588
0.0322868
0.0320227
0.0320909
0.0322868
0.0323460
0.0324637
0.0325426
0.0325325
0.0324341
0.0322969
0.0320716
0.0317203
0.0312652
0.0307267
0.0303640
0.0299563
0.0295044
0.0292238
0.0288797
0.0286849
0.0285186
0.0283647
0.0281812
0.0280163
0.0279526
0.0278519
0.0278339
0.0280620
0.0283647
0.0285950
0.0289654
0.0293479
0.0288358
0.0288079
0.0286508
0.0285585
0.0284845
0.0284385
0.0283465
0.0282729
0.0282452
0.0282270
0.0281812
0.0280715
0.0279526
0.0278975
0.0276975
0.0274632
0.0272282
0.0268869
0.0265745
0.0263969
0.0261315
0.0260342
0.0258849
0.0257880
0.0257004
0.0256394
0.0253082
0.0252476
0.0252124
0.0251177
0.0250745
0.0252476
0.0250826
0.0250052
0.0249190
0.0252124
0.0251610
0.0251610
0.0251953
0.0252214
0.0252133
0.0252829
0.0253263
0.0253263
0.0253525
0.0253869
0.0254395
0.0255439
0.0256485
0.0257625
0.0257451
0.0258940
0.0259471
0.0260792
0.0261849
0.0263000
0.0263710
0.0264329
0.0264329
0.0263618
0.0263267
0.0261941
0.0260085
0.0257451
0.0254132
0.0249549
0.0244056
0.0239644
0.0235098
0.0230018
0.0226060
0.0221323
0.0217039
0.0216478
0.0215192
0.0215676
0.0214476
0.0213278
0.0212639
0.0212482
0.0212159
0.0212639
0.0213278
0.0215034
0.0217039
0.0220352
0.0218894
0.0216478
0.0213195
0.0212242
0.0211143
0.0209321
0.0204528
0.0198403
0.0191694
0.0185472
0.0178834
0.0173904
0.0168902
0.0163901
0.0160563
0.0155347
0.0148418
0.0141511
0.0134901
0.0128076
0.0124822
0.0122697
0.0120709
0.0118143
0.0116308
0.0112399
0.0110323
0.0108723
0.0107588
0.0106786
0.0105661
0.0104095
0.0102708
0.0102264
0.0101713
0.0101272
0.0101547
0.0101880
0.0102541
0.0103927
0.0105831
0.0107746
0.0110257
0.0112447
0.0110831
0.0107977
0.0105772
0.0103262
0.0100342
0.0096657
0.0092358
0.0087389
0.0083802
0.0080437
0.0076569
0.0071819
0.0066775
0.0063644
0.0060846
0.0058192
0.0055598
0.0053141
0.0050740
0.0048775
0.0047411
0.0046329
0.0045110
0.0043980
0.0043009
0.0042722
0.0042830
0.0042722
0.0042901
0.0043188
0.0044452
0.0046217
0.0045662
0.0044707
0.0043476
0.0040608
0.0038379
0.0036738
0.0035167
0.0033534
0.0031664
0.0029077
0.0026179
0.0024367
0.0022699
0.0020939
0.0019155
0.0017634
0.0016349
0.0015329
0.0015010
0.0014800
0.0014217
0.0013087
0.0012540
0.0011315
0.0010397
0.0009603
0.0008938
0.0008219
0.0007695
0.0007292
0.0006971
0.0006629
0.0006392
0.0006119
0.0005918
0.0005812
0.0005707
0.0005707
0.0005838
0.0006052
0.0005799
0.0006173
0.0006884
0.0007485
0.0007710
0.0008376
0.0008727
0.0009069
0.0009368
0.0009235
0.0009267
0.0009135
0.0009202
0.0009318
0.0009052
0.0008695
0.0008376
0.0007589
0.0006601
0.0005539
0.0004879
0.0004317
0.0003716
0.0003297
0.0002856
0.0002675
0.0002473
0.0002279
0.0002272
0.0002329
0.0002456
0.0002675
0.0002959
0.0003427
0.0003875
0.0004466
0.0004842
0.0005185
0.0005552
0.0006011
0.0006531
0.0006601
0.0006559
0.0006351
0.0005721
0.0004976
0.0004093
0.0003416
0.0002774
0.0002102
0.0001509
0.0000998
0.0000618
0.0000319
0.0000148
0.0000064
0.0000023
0.0000001
0.0000006
0.0000030
0.0000062
0.0000081
0.0000084
0.0000062
0.0000025
0.0000001
0.0000003
0.0000022
0.0000069
0.0000069
0.0000062
0.0000016
0.0000001
0.0000032
0.0000113
0.0000329
0.0000792
0.0000971
0.0001099
0.0001157
0.0001004
0.0000934
0.0000971
0.0001026
0.0001060
0.0000908
0.0000675
0.0000422
0.0000361
0.0000295
0.0000218
0.0000148
0.0000084
0.0000085
0.0000084
0.0000134
0.0000221
0.0000473
0.0000971
0.0001826
0.0001977
0.0002329
0.0002737
0.0003207
0.0003758
0.0004442
0.0005086
0.0005785
0.0006614
0.0007379
0.0008186
0.0008953
0.0010099
0.0011075
0.0012077
0.0012325
0.0012653
0.0013362
0.0014172
0.0015006
0.0015995
0.0016948
0.0017584
0.0018440
0.0019295
0.0019729
0.0020685
0.0021539
0.0022306
0.0023613
0.0024362
0.0025756
0.0027160
0.0028368
0.0030110
0.0031473
0.0033495
0.0035549
0.0037696
0.0039524
0.0041716
0.0043967
0.0045907
0.0048381
0.0050375
0.0053085
0.0056110
0.0059009
0.0062541
0.0066310
0.0070968
0.0076165
0.0080222
0.0084682
0.0089006
0.0094710
0.0099171
0.0104013
0.0109428
0.0114980
0.0121389
0.0129023
0.0136956
0.0145851
0.0157062
0.0166294
0.0177966
0.0190489
0.0203357
0.0217533
0.0231685
0.0246542
0.0262126
0.0270589
0.0276189
0.0282024
0.0286259
0.0288572
0.0294445
0.0300092
0.0304460
0.0304649
0.0302461
0.0299904
0.0305792
0.0310393
0.0311936
0.0311164
0.0308952
0.0322510
0.0324966
0.0326640
0.0327431
0.0326247
0.0322215
0.0317042
0.0310275
0.0303866
0.0295736
0.0287532
0.0279261
0.0270571
0.0262107
0.0253517
0.0245497
0.0239547
0.0234922
0.0230673
0.0227041
0.0224497
0.0222864
0.0222457
0.0223271
0.0221805
0.0220587
0.0215743
0.0210482
0.0205366
0.0202482
0.0200234
0.0197539
0.0194940
0.0191904
0.0189040
0.0184193
0.0179043
0.0175554
0.0172314
0.0169104
0.0166698
0.0164590
0.0163053
0.0162496
0.0162844
0.0163612
0.0165151
0.0167263
0.0170455
0.0173750
0.0173894
0.0173461
0.0166910
0.0163263
0.0160761
0.0158347
0.0159379
0.0158691
0.0156840
0.0158347
0.0160761
0.0163192
0.0167191
0.0173894
0.0177657
0.0182418
0.0192054
0.0197770
0.0204505
0.0212228
0.0221066
0.0229506
0.0235835
0.0242334
0.0247288
0.0256822
0.0266893
0.0276794
0.0282270
0.0286784
0.0290959
0.0296103
0.0300630
0.0305284
0.0309112
0.0312770
0.0313544
0.0312385
0.0310361
0.0307004
0.0302240
0.0297514
0.0291796
0.0285305
0.0277703
0.0273444
0.0273716
0.0269218
0.0263338
0.0258050
0.0253422
0.0248927
0.0248927
0.0249961
0.0250997
0.0250825
0.0252296
0.0253425
0.0254904
0.0256213
0.0258053
0.0257789
0.0258317
0.0260250
0.0259545
0.0260250
0.0260515
0.0260690
0.0259810
0.0259810
0.0258930
0.0257351
0.0256913
0.0254557
0.0252296
0.0250565
0.0247302
0.0244050
0.0241161
0.0237108
0.0231591
0.0227372
0.0221647
0.0215033
0.0209072
0.0202571
0.0195028
0.0188002
0.0180662
0.0172681
0.0164320
0.0155144
0.0147025
0.0138995
0.0130379
0.0121919
0.0114617
0.0107370
0.0100251
0.0093746
0.0087256
0.0082076
0.0076631
0.0071787
0.0067013
0.0062575
0.0058665
0.0055327
0.0052600
0.0050950
0.0050174
0.0049672
0.0048715
0.0047843
0.0047203
0.0046829
0.0046680
0.0044323
0.0041639
0.0039793
0.0037252
0.0034473
0.0032639
0.0030946
0.0029299
0.0027467
0.0025555
0.0023132
0.0021456
0.0019602
0.0018086
0.0016988
0.0016144
0.0015108
0.0013984
0.0012864
0.0011071
0.0009130
0.0007288
0.0005498
0.0003949
0.0003080
0.0002221
0.0001549
0.0000955
0.0000440
0.0000228
0.0000034
0.0000000
0.0000045
0.0000163
0.0000283
0.0000469
0.0000662
0.0000787
0.0001009
0.0001122
0.0001133
0.0001076
0.0001048
0.0001076
0.0000841
0.0000618
0.0000422
0.0000228
0.0000082
0.0000007
0.0000016
0.0000107
0.0000275
0.0000531
0.0000744
0.0000887
0.0000976
0.0001065
0.0001076
0.0000998
0.0000861
0.0000662
0.0000458
0.0000236
0.0000064
0.0000001
0.0000054
0.0000116
0.0000283
0.0000064
0.0000136
0.0000255
0.0000394
0.0000640
0.0001065
0.0001667
0.0002387
0.0003425
0.0004603
0.0005915
0.0007436
0.0008885
0.0010854
0.0012669
0.0014750
0.0017146
0.0019385
0.0022299
0.0024815
0.0028331
0.0031159
0.0034794
0.0038494
0.0042132
0.0046232
0.0050599
0.0055163
0.0059756
0.0064707
0.0069674
0.0075107
0.0081138
0.0087248
0.0093897
0.0100955
0.0107928
0.0115602
0.0123662
0.0130742
0.0137891
0.0145429
0.0152424
0.0159101
0.0166272
0.0173027
0.0180062
0.0186940
0.0193794
0.0200771
0.0206144
0.0211032
0.0213019
0.0213658
0.0213418
0.0211826
0.0213100
0.0214616
0.0215497
0.0218069
0.0220900
0.0223749
0.0223749
0.0224566
0.0227521
0.0229501
0.0228931
0.0227365
0.0224902
0.0221151
0.0220745
0.0220989
0.0221395
0.0218158
0.0214304
0.0211675
0.0212153
0.0219774
0.0223268
0.0222860
0.0223676
0.0226706
0.0228353
0.0232246
0.0229428
0.0225229
0.0225229
0.0221395
0.0219369
0.0214064
0.0211278
0.0205699
0.0202346
0.0197251
0.0191466
0.0185471
0.0180670
0.0175858
0.0171184
0.0166926
0.0162860
0.0158843
0.0155082
0.0152306
0.0149157
0.0145775
0.0142824
0.0140032
0.0137333
0.0134469
0.0132074
0.0129389
0.0126303
0.0123254
0.0120062
0.0117504
0.0115442
0.0112365
0.0109545
0.0106033
0.0102630
0.0100157
0.0096582
0.0093814
0.0090512
0.0087370
0.0084335
0.0081058
0.0077845
0.0074653
0.0071432
0.0068964
0.0066225
0.0063455
0.0060277
0.0057347
0.0054771
0.0052691
0.0050883
0.0049031
0.0047213
0.0045725
0.0043867
0.0042148
0.0040464
0.0039190
0.0037968
0.0037531
0.0037531
0.0037800
0.0038474
0.0038407
0.0038238
0.0036866
0.0035616
0.0034166
0.0032030
0.0029486
0.0026653
0.0023829
0.0020811
0.0017861
0.0015866
0.0013948
0.0012713
0.0011740
0.0010859
0.0010030
0.0009250
0.0008581
0.0007424
0.0006268
0.0005603
0.0005209
0.0004866
0.0004652
0.0004249
0.0003897
0.0004103
0.0004477
0.0005061
0.0005500
0.0005971
0.0005997
0.0006024
0.0005997
0.0006105
0.0006268
0.0006405
0.0005984
0.0005668
0.0005373
0.0004890
0.0004419
0.0003590
0.0002828
0.0001939
0.0001157
0.0000485
0.0000076
0.0000003
0.0000017
0.0000017
0.0000038
0.0000073
0.0000177
0.0000357
0.0000610
0.0000892
0.0001099
0.0001247
0.0001290
0.0001284
0.0001139
0.0000929
0.0000671
0.0000504
0.0000332
0.0000165
0.0000040
0.0000001
0.0000008
0.0000010
0.0000010
0.0000001
0.0000015
0.0000014
0.0000076
0.0000275
0.0000640
0.0001259
0.0002263
0.0003081
0.0003811
0.0004652
0.0006186
0.0008374
0.0011166
0.0012927
0.0015114
0.0016995
0.0019224
0.0022153
0.0025371
0.0028927
0.0032745
0.0036735
0.0041022
0.0045547
0.0049421
0.0052818
0.0055916
0.0058144
0.0059948
0.0058478
0.0055428
0.0051398
0.0049421
0.0047333
0.0044703
0.0043543
0.0043363
0.0043076
0.0041831
0.0040117
0.0040049
0.0044813
0.0046919
0.0047181
0.0047784
0.0048922
0.0049998
0.0050773
0.0051476
0.0051554
0.0051672
0.0051554
0.0050967
0.0050385
0.0049229
0.0048162
0.0047032
0.0045397
0.0043938
0.0042255
0.0040290
0.0038711
0.0036866
0.0034229
0.0032308
0.0029873
0.0027219
0.0025014
0.0022696
0.0020268
0.0017861
0.0015672
0.0013665
0.0011646
0.0009789
0.0008139
0.0006474
0.0005086
0.0003853
0.0002783
0.0001863
0.0001122
0.0000649
0.0000335
0.0000144
0.0000019
0.0000007
0.0000058
0.0000148
0.0000266
0.0000401
0.0000543
0.0000662
0.0000882
0.0001093
0.0001145
0.0001128
0.0001060
0.0000982
0.0000851
0.0000707
0.0000739
0.0000817
0.0000892
0.0000817
0.0000671
0.0000519
0.0000351
0.0000221
0.0000159
0.0000115
0.0000075
0.0000041
0.0000092
0.0000118
0.0000196
0.0000374
0.0000335
0.0000275
0.0000341
0.0000247
0.0000266
0.0000128
0.0000106
0.0000023
0.0000012
0.0000019
0.0000087
0.0000196
0.0000374
0.0000618
0.0000966
0.0001384
0.0001916
0.0002405
0.0003034
0.0003767
0.0004593
0.0005423
0.0006322
0.0007261
0.0008170
0.0009233
0.0010202
0.0011220
0.0012230
0.0013124
0.0014132
0.0015134
0.0016171
0.0017332
0.0018323
0.0019583
0.0020934
0.0022022
0.0023349
0.0024362
0.0025506
0.0026565
0.0027732
0.0029041
0.0030079
0.0031719
0.0032648
0.0034131
0.0035451
0.0036763
0.0038573
0.0040287
0.0041368
0.0043647
0.0045653
0.0047969
0.0048462
0.0049301
0.0050033
0.0051198
0.0052337
0.0053291
0.0054009
0.0054411
0.0053809
0.0052734
0.0051198
0.0050652
0.0050071
0.0049110
0.0047930
0.0046654
0.0045065
0.0043503
0.0041826
0.0042856
0.0043790
0.0045912
0.0048083
0.0050846
0.0054292
0.0057764
0.0062592
0.0065829
0.0069694
0.0073997
0.0077420
0.0080818
0.0084039
0.0086256
0.0087836
0.0088707
0.0088863
0.0088605
0.0089429
0.0090205
0.0090673
0.0089531
0.0087579
0.0085750
0.0083439
0.0080916
0.0079498
0.0077611
0.0076508
0.0074799
0.0073108
0.0072177
0.0071207
0.0070840
0.0071529
0.0072923
0.0074706
0.0077466
0.0080622
0.0082148
0.0083490
0.0081359
0.0081605
0.0082099
0.0081852
0.0081754
0.0081064
0.0079937
0.0078865
0.0077323
0.0075460
0.0073341
0.0073624
0.0073295
0.0073108
0.0073249
0.0073482
0.0074372
0.0073858
0.0074517
0.0074421
0.0075176
0.0076699
0.0078092
0.0079937
0.0083340
0.0084894
0.0087018
0.0090413
0.0094773
0.0099891
0.0105140
0.0109725
0.0114465
0.0119187
0.0121993
0.0123385
0.0126559
0.0129153
0.0131833
0.0133847
0.0135239
0.0135940
0.0137024
0.0137793
0.0139335
0.0140691
0.0141922
0.0139141
0.0134985
0.0129897
0.0124419
0.0119177
0.0114513
0.0113290
0.0109545
0.0105023
0.0106875
0.0104685
0.0103015
0.0100810
0.0098042
0.0094878
0.0090930
0.0087016
0.0082295
0.0077081
0.0071991
0.0067164
0.0062289
0.0057307
0.0052693
0.0048158
0.0044662
0.0041685
0.0039185
0.0036302
0.0033590
0.0031350
0.0029188
0.0027074
0.0025067
0.0022616
0.0020364
0.0018300
0.0016324
0.0014295
0.0012363
0.0010624
0.0008919
0.0007617
0.0006431
0.0005296
0.0004488
0.0003831
0.0003110
0.0002447
0.0001878
0.0001503
0.0001234
0.0000993
0.0000861
0.0000797
0.0000763
0.0000644
0.0000523
0.0000433
0.0000345
0.0000275
0.0000223
0.0000146
0.0000082
0.0000051
0.0000041
0.0000045
0.0000035
0.0000026
0.0000017
0.0000030
0.0000042
0.0000056
0.0000082
0.0000104
0.0000138
0.0000198
0.0000244
0.0000122
0.0000084
0.0000048
0.0000066
0.0000122
0.0000161
0.0000289
0.0000644
0.0001020
0.0001681
0.0002404
0.0003810
0.0005473
0.0007437
0.0009499
0.0011238
0.0014605
0.0017262
0.0019701
0.0023110
0.0027671
0.0032085
0.0036693
0.0041575
0.0046910
0.0050492
0.0053403
0.0055823
0.0059556
0.0063537
0.0067380
0.0070509
0.0073100
0.0075026
0.0076404
0.0077359
0.0077647
0.0077407
0.0076688
0.0074175
0.0072818
0.0072724
0.0072121
0.0068731
0.0065069
0.0062584
0.0066175
0.0067156
0.0068279
0.0069776
0.0070598
0.0071242
0.0071843
0.0071981
0.0071981
0.0071658
0.0070966
0.0070003
0.0068324
0.0066086
0.0064105
0.0061465
0.0058172
0.0055416
0.0052409
0.0048608
0.0045427
0.0042103
0.0038602
0.0035090
0.0031623
0.0028103
0.0024629
0.0021435
0.0018345
0.0015367
0.0012613
0.0010044
0.0007845
0.0005956
0.0004338
0.0003005
0.0001984
0.0001216
0.0000666
0.0000295
0.0000095
0.0000009
0.0000009
0.0000069
0.0000165
0.0000280
0.0000500
0.0000725
0.0001020
0.0001417
0.0001848
0.0002295
0.0002773
0.0003276
0.0003476
0.0003568
0.0003579
0.0003874
0.0004407
0.0004841
0.0005084
0.0005133
0.0005047
0.0005208
0.0005270
0.0005435
0.0005628
0.0005837
0.0005771
0.0005666
0.0005706
0.0006571
0.0007157
0.0007845
0.0008373
0.0008741
0.0009033
0.0009182
0.0009132
0.0008757
0.0008644
0.0008200
0.0007041
0.0006321
0.0005271
0.0003917
0.0002874
0.0001833
0.0000867
0.0000292
0.0000010
0.0000142
0.0000689
0.0001739
0.0003286
0.0005322
0.0007739
0.0010625
0.0013845
0.0017377
0.0021009
0.0024849
0.0028893
0.0032803
0.0036629
0.0040286
0.0043753
0.0046168
0.0047628
0.0048802
0.0050845
0.0052809
0.0053527
0.0053447
0.0053327
0.0055788
0.0059561
0.0060278
0.0059939
0.0059771
0.0059392
0.0062245
0.0063675
0.0064373
0.0065562
0.0067655
0.0069326
0.0070011
0.0070514
0.0070882
0.0070745
0.0070607
0.0070194
0.0069738
0.0069283
0.0069054
0.0068511
0.0067835
0.0067611
0.0066137
0.0064288
0.0063025
0.0061344
0.0058640
0.0056443
0.0054411
0.0051707
0.0049647
0.0047592
0.0045505
0.0043683
0.0042110
0.0040705
0.0039050
0.0037697
0.0036302
0.0035192
0.0034003
0.0032993
0.0032058
0.0031260
0.0030561
0.0029544
0.0028659
0.0027675
0.0026228
0.0024389
0.0023243
0.0022382
0.0021260
0.0020314
0.0019032
0.0017767
0.0016524
0.0015069
0.0013342
0.0011907
0.0010536
0.0009034
0.0007708
0.0006391
0.0005259
0.0004147
0.0003217
0.0002354
0.0001833
0.0001476
0.0001217
0.0000945
0.0000730
0.0000580
0.0000451
0.0000364
0.0000233
0.0000146
0.0000087
0.0000050
0.0000025
0.0000009
0.0000006
0.0000007
0.0000011
0.0000022
0.0000099
0.0000261
0.0000405
0.0000433
0.0000657
0.0000908
0.0001210
0.0001570
0.0001811
0.0001992
0.0002141
0.0002246
0.0002346
0.0002206
0.0001767
0.0001753
0.0001696
0.0001841
0.0001768
0.0002078
0.0002070
0.0002481
0.0002647
0.0002883
0.0003642
0.0004316
0.0004975
0.0005680
0.0006515
0.0007512
0.0008677
0.0009822
0.0011147
0.0012595
0.0013866
0.0015390
0.0016993
0.0018722
0.0020363
0.0022176
0.0024334
0.0026396
0.0028542
0.0030801
0.0033305
0.0035580
0.0038165
0.0040423
0.0043032
0.0045062
0.0046876
0.0048422
0.0049490
0.0050495
0.0051273
0.0050999
0.0050108
0.0048725
0.0047026
0.0044915
0.0043140
0.0041226
0.0038945
0.0038503
0.0038401
0.0038503
0.0039115
0.0039938
0.0040389
0.0041366
0.0042604
0.0044115
0.0045577
0.0047287
0.0049376
0.0052296
0.0055868
0.0058676
0.0061728
0.0065427
0.0066803
0.0067609
0.0068150
0.0067205
0.0065383
0.0062935
0.0060617
0.0057845
0.0054571
0.0053606
0.0052850
0.0051980
0.0050148
0.0047930
0.0045836
0.0044151
0.0042676
0.0041297
0.0040564
0.0039699
0.0038910
0.0037560
0.0038234
0.0038132
0.0038503
0.0038537
0.0038673
0.0038945
0.0039150
0.0039733
0.0039871
0.0040390
0.0040493
0.0040389
0.0040597
0.0040112
0.0040147
0.0039596
0.0038740
0.0037494
0.0036399
0.0034771
0.0032026
0.0030258
0.0027875
0.0024712
0.0022667
0.0020092
0.0017263
0.0015048
0.0012634
0.0010465
0.0009001
0.0007860
0.0006543
0.0005359
0.0004384
0.0002967
0.0001938
0.0001093
0.0000576
0.0000244
0.0000058
0.0000000
0.0000050
0.0000188
0.0000415
0.0000712
0.0001054
0.0001346
0.0001632
0.0002000
0.0002396
0.0002782
0.0002986
0.0003168
0.0003266
0.0003286
0.0003207
0.0003072
0.0003236
0.0003456
0.0003507
0.0003757
0.0004147
0.0004315
0.0004316
0.0004710
0.0004698
0.0004092
0.0003507
0.0003415
0.0003436
0.0004214
0.0004453
0.0004338
0.0004147
0.0003960
0.0004037
0.0004026
0.0004136
0.0004315
0.0004557
0.0004546
0.0004674
0.0005109
0.0005384
0.0005460
0.0005397
0.0005654
0.0005745
0.0005680
0.0005771
0.0005732
0.0005641
0.0005512
0.0005372
0.0005246
0.0005109
0.0004674
0.0004170
0.0003821
0.0003345
0.0002782
0.0002295
0.0001646
0.0000960
0.0000539
0.0000177
0.0000000
0.0000126
0.0000580
0.0001536
0.0002837
0.0004592
0.0006983
0.0009805
0.0013045
0.0016657
0.0020735
0.0025149
0.0029454
0.0033972
0.0038503
0.0042963
0.0047214
0.0050808
0.0053968
0.0056648
0.0060322
0.0064154
0.0067791
0.0070884
0.0073527
0.0074089
0.0073666
0.0073480
0.0073388
0.0073575
0.0069922
0.0068379
0.0066407
0.0064026
0.0070289
0.0070472
0.0071344
0.0072596
0.0072782
0.0072549
0.0071991
0.0070931
0.0069740
0.0068200
0.0066808
0.0064859
0.0062853
0.0060452
0.0058138
0.0055465
0.0052575
0.0049880
0.0046805
0.0043576
0.0040879
0.0038035
0.0035259
0.0032308
0.0029545
0.0027591
0.0024852
0.0022127
0.0019851
0.0017723
0.0015605
0.0013664
0.0011927
0.0010378
0.0009349
0.0008046
0.0006940
0.0006516
0.0006350
0.0006336
0.0005891
0.0005448
0.0005061
0.0005098
0.0005259
0.0005538
0.0005917
0.0006460
0.0006544
0.0006614
0.0006656
0.0006684
0.0006460
0.0006199
0.0006741
0.0007498
0.0008726
0.0010099
0.0011665
0.0013524
0.0015220
0.0017085
0.0018701
0.0018068
0.0018442
0.0018748
0.0019200
0.0019754
0.0020489
0.0021287
0.0022075
0.0023165
0.0024148
0.0025453
0.0026878
0.0028398
0.0030533
0.0032900
0.0035291
0.0038237
0.0042111
0.0045507
0.0049689
0.0054858
0.0059691
0.0064158
0.0069015
0.0073858
0.0079596
0.0085600
0.0091249
0.0096647
0.0102254
0.0107340
0.0110990
0.0113769
0.0115932
0.0116229
0.0115345
0.0113420
0.0112779
0.0111912
0.0110416
0.0109269
0.0107904
0.0106098
0.0107567
0.0110473
0.0112662
0.0114352
0.0115755
0.0116579
0.0117702
0.0118830
0.0119964
0.0121344
0.0122854
0.0124067
0.0124857
0.0125834
0.0126265
0.0132224
0.0134493
0.0137039
0.0138702
0.0139540
0.0141157
0.0141484
0.0140769
0.0139799
0.0138257
0.0135825
0.0133798
0.0130533
0.0126818
0.0123277
0.0119189
0.0113942
0.0109326
0.0104418
0.0098856
0.0094085
0.0089069
0.0085095
0.0081656
0.0078673
0.0075699
0.0073204
0.0071209
0.0070611
0.0070888
0.0071948
0.0072644
0.0073672
0.0075274
0.0076605
0.0078047
0.0079209
0.0080476
0.0080331
0.0078336
0.0078144
0.0077999
0.0076224
0.0073765
0.0070795
0.0067033
0.0062637
0.0062552
0.0063287
0.0064158
0.0065210
0.0065165
0.0065077
0.0064505
0.0066183
0.0067655
0.0066716
0.0067431
0.0068964
0.0067791
0.0067926
0.0068375
0.0068874
0.0069148
0.0068739
0.0068737
0.0068876
0.0068874
0.0068737
0.0068377
0.0067702
0.0066760
0.0065606
0.0064286
0.0062850
0.0061653
0.0061138
0.0060330
0.0059527
0.0058646
0.0058146
0.0057481
0.0057151
0.0056246
0.0055551
0.0054742
0.0054057
0.0053176
0.0052106
0.0051126
0.0049769
0.0048353
0.0044923
0.0040919
0.0036933
0.0032809
0.0028547
0.0025841
0.0023457
0.0021138
0.0019392
0.0017815
0.0016415
0.0015563
0.0015008
0.0014339
0.0014092
0.0014216
0.0014966
0.0015867
0.0017109
0.0018797
0.0020195
0.0022000
0.0024015
0.0022411
0.0022801
0.0023089
0.0023855
0.0024908
0.0025982
0.0027679
0.0029577
0.0031876
0.0034679
0.0037903
0.0041798
0.0046812
0.0051480
0.0056739
0.0062948
0.0069841
0.0076855
0.0084804
0.0093305
0.0102544
0.0112332
0.0122929
0.0133626
0.0145296
0.0155881
0.0166557
0.0177074
0.0189120
0.0200937
0.0212635
0.0224664
0.0232343
0.0238036
0.0243967
0.0249114
0.0253096
0.0257807
0.0261945
0.0265227
0.0263715
0.0259920
0.0259123
0.0266204
0.0270232
0.0272479
0.0273381
0.0273922
0.0278917
0.0283771
0.0286907
0.0293322
0.0296794
0.0301228
0.0303323
0.0304557
0.0305128
0.0304463
0.0303130
0.0300754
0.0298491
0.0295463
0.0290970
0.0285868
0.0280358
0.0274265
0.0267705
0.0259462
0.0252820
0.0244723
0.0235752
0.0229014
0.0221146
0.0213498
0.0206222
0.0198919
0.0192201
0.0184852
0.0178887
0.0172736
0.0166689
0.0161095
0.0155463
0.0149934
0.0144697
0.0140589
0.0137112
0.0134060
0.0129731
0.0126456
0.0122740
0.0118600
0.0114418
0.0110135
0.0107289
0.0105040
0.0102979
0.0100667
0.0098539
0.0095849
0.0093459
0.0091619
0.0089851
0.0088254
0.0087028
0.0085255
0.0083448
0.0081761
0.0079652
0.0077665
0.0075279
0.0072835
0.0069884
0.0067126
0.0065879
0.0065040
0.0064513
0.0064119
0.0064033
0.0064251
0.0064381
0.0064733
0.0065306
0.0064383
0.0063205
0.0062123
0.0061521
0.0060498
0.0059652
0.0058520
0.0056943
0.0055959
0.0054738
0.0053654
0.0051987
0.0049998
0.0047746
0.0044958
0.0041724
0.0039291
0.0036966
0.0037066
0.0035749
0.0034486
0.0032995
0.0032434
0.0032030
0.0031784
0.0031415
0.0031201
0.0031293
0.0031692
0.0030745
0.0030083
0.0031201
0.0033058
0.0035488
0.0036833
0.0038103
0.0039532
0.0040153
0.0040534
0.0040986
0.0042611
0.0044777
0.0047145
0.0048506
0.0048886
0.0048962
0.0050463
0.0052342
0.0052383
0.0051870
0.0050931
0.0050270
0.0049461
0.0048353
0.0046435
0.0044085
0.0041866
0.0040534
0.0039019
0.0036305
0.0033342
0.0029904
0.0026428
0.0024581
0.0025840
0.0025261
0.0024662
0.0024229
0.0024149
0.0023880
0.0023854
0.0024149
0.0025869
0.0028429
0.0031844
0.0034229
0.0036866
0.0037631
0.0038035
0.0038439
0.0038374
0.0038270
0.0038407
0.0038745
0.0039874
0.0041336
0.0040603
0.0039497
0.0038101
0.0037737
0.0037570
0.0037070
0.0036375
0.0035491
0.0031449
0.0026600
0.0021926
0.0019515
0.0017336
0.0014820
0.0013346
0.0011967
0.0010716
0.0010663
0.0011095
0.0011947
0.0012793
0.0014032
0.0015781
0.0017426
0.0019466
0.0022054
0.0023671
0.0025320
0.0027052
0.0026938
0.0026291
0.0025292
0.0024502
0.0023458
0.0022104
0.0021138
0.0020000
0.0019178
0.0016394
0.0013225
0.0009739
0.0007365
0.0005335
0.0003267
0.0001761
0.0001391
0.0000822
0.0000405
0.0000128
0.0000005
0.0000048
0.0000269
0.0000644
0.0000988
0.0001253
0.0001724
0.0002214
0.0002648
0.0003082
0.0003467
0.0003726
0.0004442
0.0005285
0.0006159
0.0007619
0.0009135
0.0011168
0.0013606
0.0016861
0.0020690
0.0025265
0.0031174
0.0037004
0.0041413
0.0047678
0.0050044
0.0057569
0.0065313
0.0075816
0.0083019
0.0094640
0.0103000
0.0112174
0.0121257
0.0131634
0.0142044
0.0152176
0.0163564
0.0174424
0.0185187
0.0196887
0.0208468
0.0220385
0.0233879
0.0246999
0.0260837
0.0275136
0.0289449
0.0304508
0.0319845
0.0335757
0.0352372
0.0368436
0.0385689
0.0399111
0.0409651
0.0422347
0.0434334
0.0447642
0.0461506
0.0474266
0.0487436
0.0501288
0.0516075
0.0530437
0.0545520
0.0560031
0.0575128
0.0590829
0.0606478
0.0622307
0.0638352
0.0655860
0.0672759
0.0690730
0.0708795
0.0727830
0.0744735
0.0764983
0.0772010
0.0777318
0.0781906
0.0787591
0.0792208
0.0796816
0.0800690
0.0806119
0.0811242
0.0814976
0.0819044
0.0823905
0.0827364
0.0832578
0.0836207
0.0840788
0.0847144
0.0853679
0.0860417
0.0870371
0.0879284
0.0887746
0.0901332
0.0912022
0.0922961
0.0926404
0.0925576
0.0925576
0.0924748
0.0925384
0.0925225
0.0926370
0.0926563
0.0927901
0.0930230
0.0930423
0.0933267
0.0935249
0.0936754
0.0940956
0.0944813
0.0948516
0.0951422
0.0957339
0.0962235
0.0966818
0.0972980
0.0979291
0.0984475
0.0991316
0.0982703
0.0970645
0.0958074
0.0946326
0.0933711
0.0922673
0.0908226
0.0893389
0.0878022
0.0863737
0.0848970
0.0834140
0.0821374
0.0808810
0.0797295
0.0786151
0.0775412
0.0765030
0.0757039
0.0748446
0.0728119
0.0715292
0.0702267
0.0690384
0.0680763
0.0666305
0.0651789
0.0635983
0.0619063
0.0602455
0.0585704
0.0569471
0.0554224
0.0536631
0.0523071
0.0508577
0.0497945
0.0485632
0.0475870
0.0468696
0.0461214
0.0454369
0.0451702
0.0445070
0.0441471
0.0439978
0.0434915
0.0431814
0.0428969
0.0426378
0.0420956
0.0414659
0.0409299
0.0404076
0.0400205
0.0396691
0.0395614
0.0393494
0.0392857
0.0393293
0.0393193
0.0392857
0.0394402
0.0394704
0.0394804
0.0395478
0.0395579
0.0396454
0.0397432
0.0398886
0.0400443
0.0402511
0.0404823
0.0407076
0.0409197
0.0409194
0.0408304
0.0407898
0.0408546
0.0406566
0.0404654
0.0401322
0.0397264
0.0392218
0.0386474
0.0379976
0.0372489
0.0364139
0.0355055
0.0344859
0.0340471
0.0335893
0.0332456
0.0332273
0.0333386
0.0337323
0.0336608
0.0335674
0.0334776
0.0336700
0.0338275
0.0339397
0.0337466
0.0335943
0.0334332
0.0329213
0.0324836
0.0319970
0.0315958
0.0311159
0.0307378
0.0303620
0.0299885
0.0295967
0.0292280
0.0288615
0.0285143
0.0281323
0.0277844
0.0273346
0.0268277
0.0263304
0.0259199
0.0254423
0.0249802
0.0244525
0.0237770
0.0231672
0.0225984
0.0220471
0.0216038
0.0212321
0.0204697
0.0203825
0.0198943
0.0198112
0.0194148
0.0192618
0.0190860
0.0189715
0.0189109
0.0189783
0.0188573
0.0188670
0.0188368
0.0189646
0.0190929
0.0192855
0.0195069
0.0197015
0.0199171
0.0199792
0.0200173
0.0201209
0.0201038
0.0200967
0.0199932
0.0196835
0.0192577
0.0187326
0.0183039
0.0178347
0.0173136
0.0166516
0.0159102
0.0150862
0.0149037
0.0148561
0.0148622
0.0145807
0.0142756
0.0141360
0.0140635
0.0141158
0.0144515
0.0147393
0.0151181
0.0151242
0.0150972
0.0150851
0.0154198
0.0158903
0.0163053
0.0163615
0.0158841
0.0157092
0.0157244
0.0156603
0.0155840
0.0154593
0.0153380
0.0151783
0.0150702
0.0148818
0.0146919
0.0146240
0.0145503
0.0145708
0.0145265
0.0144385
0.0141219
0.0139023
0.0136616
0.0134625
0.0131751
0.0129992
0.0127086
0.0125166
0.0123126
0.0121452
0.0120298
0.0118856
0.0117476
0.0116842
0.0116025
0.0115605
0.0115973
0.0115474
0.0116025
0.0117265
0.0117953
0.0119389
0.0121775
0.0122612
0.0124484
0.0125798
0.0125469
0.0124977
0.0123562
0.0119819
0.0114821
0.0109112
0.0104595
0.0100026
0.0094894
0.0093543
0.0092742
0.0092366
0.0088443
0.0084268
0.0079955
0.0075309
0.0070556
0.0066833
0.0063075
0.0059708
0.0057134
0.0055121
0.0053324
0.0051014
0.0050152
0.0048931
0.0047962
0.0049273
0.0050688
0.0051614
0.0053615
0.0056220
0.0059601
0.0062927
0.0067140
0.0065371
0.0066341
0.0068264
0.0067902
0.0069317
0.0071427
0.0074071
0.0076701
0.0079985
0.0082581
0.0085763
0.0089188
0.0093010
0.0096791
0.0100453
0.0103030
0.0104349
0.0105023
0.0105248
0.0107084
0.0108887
0.0109883
0.0111115
0.0111941
0.0112792
0.0114722
0.0116587
0.0118946
0.0120093
0.0120921
0.0121487
0.0121676
0.0121487
0.0121192
0.0121139
0.0120574
0.0120439
0.0121351
0.0122350
0.0124682
0.0126029
0.0127899
0.0130901
0.0134702
0.0134813
0.0136378
0.0137091
0.0138468
0.0139591
0.0140947
0.0142433
0.0143720
0.0145154
0.0146603
0.0148352
0.0150110
0.0152514
0.0153150
0.0153600
0.0153693
0.0155543
0.0156245
0.0157774
0.0159527
0.0161665
0.0162882
0.0163442
0.0163783
0.0163101
0.0164101
0.0164101
0.0163942
0.0164602
0.0164785
0.0165042
0.0165447
0.0165950
0.0166331
0.0167303
0.0168316
0.0169430
0.0172209
0.0173587
0.0175881
0.0178545
0.0181166
0.0183741
0.0187233
0.0190692
0.0194183
0.0196497
0.0198278
0.0200661
0.0202772
0.0205360
0.0208033
0.0210930
0.0214028
0.0218119
0.0223274
0.0227380
0.0233050
0.0240309
0.0246601
0.0254172
0.0262662
0.0271038
0.0280200
0.0289614
0.0299164
0.0307465
0.0315912
0.0324217
0.0332058
0.0338498
0.0343007
0.0340522
0.0335666
0.0328630
0.0325802
0.0322763
0.0319010
0.0321445
0.0324927
0.0329253
0.0331924
0.0334691
0.0336753
0.0339628
0.0344456
0.0349697
0.0355625
0.0362884
0.0371178
0.0382372
0.0395473
0.0410786
0.0428556
0.0448056
0.0469310
0.0488601
0.0494250
0.0501713
0.0509198
0.0516772
0.0523655
0.0530435
0.0536030
0.0540779
0.0541871
0.0540745
0.0537151
0.0531443
0.0523295
0.0512447
0.0508034
0.0503641
0.0498602
0.0502869
0.0509586
0.0518052
0.0518444
0.0519121
0.0519726
0.0525658
0.0530713
0.0535192
0.0544451
0.0556223
0.0570917
0.0587583
0.0606297
0.0624989
0.0645799
0.0645361
0.0657613
0.0667633
0.0677522
0.0688475
0.0699337
0.0710251
0.0722514
0.0734414
0.0745724
0.0755099
0.0762595
0.0767963
0.0770863
0.0771247
0.0769301
0.0763709
0.0750030
0.0734261
0.0723628
0.0713316
0.0702379
0.0690195
0.0676837
0.0663192
0.0656968
0.0655202
0.0654437
0.0651768
0.0648899
0.0647931
0.0648369
0.0650333
0.0657085
0.0667101
0.0676956
0.0685648
0.0698730
0.0715280
0.0730160
0.0747422
0.0765775
0.0771991
0.0763516
0.0763743
0.0762790
0.0760762
0.0760388
0.0758137
0.0754817
0.0749839
0.0751380
0.0750435
0.0750064
0.0750660
0.0749592
0.0748772
0.0748176
0.0748997
0.0749469
0.0751256
0.0754095
0.0756589
0.0760037
0.0766980
0.0772493
0.0778242
0.0780775
0.0782830
0.0786821
0.0794097
0.0799453
0.0805698
0.0815175
0.0823332
0.0831658
0.0840396
0.0849180
0.0851584
0.0851062
0.0848417
0.0848045
0.0846929
0.0843789
0.0843400
0.0842527
0.0837897
0.0830902
0.0822452
0.0812459
0.0798857
0.0783312
0.0761297
0.0748846
0.0740008
0.0729717
0.0716591
0.0702904
0.0694005
0.0686970
0.0681322
0.0674019
0.0667086
0.0661305
0.0655864
0.0651452
0.0648373
0.0645513
0.0643873
0.0642885
0.0643661
0.0645188
0.0647933
0.0646065
0.0643436
0.0641798
0.0641137
0.0632356
0.0621872
0.0607958
0.0599791
0.0591992
0.0583623
0.0575825
0.0567878
0.0560194
0.0551640
0.0544264
0.0533837
0.0530753
0.0518298
0.0511540
0.0497477
0.0486562
0.0472482
0.0455923
0.0440661
0.0423434
0.0404118
0.0386783
0.0367670
0.0347102
0.0324929
0.0300512
0.0277693
0.0255293
0.0233308
0.0213821
0.0195489
0.0178381
0.0164869
0.0153223
0.0138577
0.0124332
0.0111313
0.0103487
0.0097474
0.0092926
0.0085110
0.0077333
0.0070109
0.0063445
0.0059187
0.0054629
0.0049432
0.0044609
0.0041913
0.0036378
0.0032038
0.0028111
0.0024612
0.0018645
0.0015920
0.0012971
0.0010366
0.0008512
0.0006717
0.0005008
0.0003372
0.0002211
0.0001414
0.0000943
0.0000501
0.0000275
0.0000170
0.0000053
0.0000017
0.0000008
0.0000006
0.0000010
0.0000058
0.0000089
0.0000207
0.0000411
0.0000504
0.0000794
0.0001254
0.0001716
0.0002321
0.0003108
0.0004115
0.0005352
0.0006773
0.0008614
0.0010632
0.0013019
0.0015732
0.0018908
0.0022540
0.0026779
0.0031918
0.0037192
0.0043208
0.0050316
0.0057570
0.0065873
0.0076914
0.0087039
0.0098464
0.0112328
0.0126226
0.0142271
0.0160808
0.0179781
0.0201158
0.0225287
0.0250030
0.0278149
0.0305798
0.0335627
0.0366759
0.0400396
0.0433527
0.0468538
0.0505004
0.0543134
0.0581619
0.0618942
0.0656104
0.0692867
0.0731100
0.0769761
0.0808552
0.0843223
0.0876637
0.0908618
0.0939714
0.0969323
0.0997613
0.1027551
0.1058218
0.1087338
0.1109658
0.1137000
0.1167332
0.1162754
0.1149841
0.1125817
0.1169247
0.1169683
0.1159822
0.1149553
0.1130017
0.1091466
0.1067924
0.1034620
0.0983213
0.0940642
0.0878895
0.0809059
0.0748712
0.0684486
0.0615400
0.0547159
0.0479804
0.0413084
0.0351283
0.0291599
0.0239808
0.0193669
0.0153531
0.0115431
0.0082720
0.0056088
0.0035769
0.0020543
0.0009929
0.0003318
0.0000291
0.0000448
0.0002122
0.0004293
0.0007139
0.0011525
0.0016923
0.0035000
0.0050484
0.0058277
0.0069623
0.0081627
0.0090761
0.0101771
0.0109532
0.0114143
0.0116835
0.0118049
0.0116740
0.0113775
0.0108855
0.0102775
0.0095131
0.0086297
0.0076408
0.0066175
0.0055511
0.0043192
0.0033507
0.0023709
0.0014512
0.0007897
0.0002798
0.0000330
0.0000303
0.0002967
0.0008454
0.0016854
0.0028423
0.0043482
0.0062102
0.0084549
0.0110634
0.0140934
0.0175471
0.0213346
0.0255612
0.0301015
0.0349641
0.0401575
0.0456071
0.0512869
0.0571559
0.0632221
0.0701762
0.0772295
0.0848718
0.0927040
0.1007069
0.1086397
0.1169768
0.1256834
0.1346544
0.1438375
0.1538113
0.1638778
0.1745320
0.1851705
0.1961029
0.2075465
0.2183631
0.2292491
0.2402537
0.2514692
0.2628546
0.2742649
0.2858951
0.2976956
0.3094960
0.3218166
0.3343320
0.3469540
0.3572548
0.3667621
0.3750474
0.3828371
0.3902239
0.3974072
0.4044893
0.4121875
0.4183143
0.4218696
0.4301832
0.4316597
0.4358086
0.4379520
0.4363508
0.4376644
0.4371806
0.4330481
0.4305227
0.4237495
0.4133268
0.4045727
0.3959341
0.3842815
0.3724616
0.3604867
0.3477629
0.3347962
0.3214993
0.3071775
0.2932754
0.2810957
0.2699799
0.2597700
0.2493921
0.2396474
0.2306806
0.2223486
0.2148129
0.2079943
0.2028845
0.1984118
0.1933640
0.1879640
0.1813902
0.1721759
0.1700665
0.1641654
0.1613925
0.1585094
0.1558009
0.1561933
0.1551855
0.1556488
0.1570246
0.1568881
0.1569929
0.1585024
0.1604056
0.1632394
0.1662434
0.1698852
0.1744784
0.1800529
0.1852132
0.1916506
0.1991533
0.2062410
0.2144996
0.2239158
0.2330992
0.2425973
0.2528708
0.2635073
0.2745497
0.2860737
0.2978060
0.3097365
0.3219396
0.3344550
0.3464887
0.3555925
0.3646535
0.3738049
0.3824451
0.3907897
0.3988036
0.4066438
0.4143394
0.4217224
0.4293956
0.4371009
0.4486326
0.4607041
0.4736427
0.4856044
0.4992099
0.5120474
0.5231852
0.5340382
0.5480757
0.5607800
0.5740066
0.5870788
0.6007571
0.6144744
0.6269912
0.6358088
0.6447363
0.6535690
0.6622624
0.6712936
0.6801647
0.6887986
0.6978460
0.7064589
0.7150620
0.7237487
0.7323215
0.7409648
0.7519225
0.7606601
0.7714085
0.7803115
0.7900255
0.8002465
0.8113575
0.8225787
0.8334421
0.8435357
0.8531945
0.8644167
0.8747652
0.8816537
0.8870382
0.8941022
0.9013896
0.9087066
0.9168954
0.9265817
0.9350151
0.9444106
0.9548717
0.9649305
0.9755745
0.9869463
0.9976825
1.0093180
1.0208550
1.0328690
1.0450270
1.0578380
1.0710880
1.0842720
1.0972550
1.1107110
1.1238880
1.1381390
1.1453740
1.1531050
1.1579450
1.1621760
1.1657180
1.1686450
1.1706950
1.1720510
1.1729680
1.1731510
1.1725270
1.1741780
1.1761970
1.1779230
1.1720150
1.1648050
1.1583460
1.1531420
1.1422240
1.1361890
1.1415730
1.1225530
1.1164270
1.1007780
1.0910670
1.0777590
1.0502360
1.0269760
1.0032330
0.9734113
0.9485489
0.9208558
0.8915565
0.8622575
0.8324305
0.8023072
0.7753039
0.7495818
0.7253021
0.7007987
0.6774980
0.6557964
0.6376594
0.6216461
0.6075246
0.5947666
0.5816769
0.5678399
0.5453081
0.5263007
0.5148414
0.4993406
0.4842822
0.4730827
0.4642287
0.4552492
0.4477631
0.4445266
0.4388767
0.4350705
0.4349809
0.4322838
0.4320838
0.4330627
0.4341788
0.4363003
0.4390351
0.4420239
0.4458822
0.4497353
0.4540149
0.4587305
0.4634184
0.4683199
0.4732920
0.4781063
0.4830356
0.4875899
0.4908845
0.4946402
0.4982235
0.5018654
0.5052534
0.5087497
0.5121892
0.5152960
0.5206138
0.5240358
0.5292995
0.5332515
0.5384795
0.5442398
0.5492245
0.5551136
0.5611896
0.5668353
0.5728178
0.5788618
0.5848279
0.5910887
0.5969932
0.6039771
0.6108143
0.6170491
0.6214229
0.6256468
0.6296521
0.6345538
0.6393155
0.6439858
0.6484793
0.6526922
0.6570801
0.6628625
0.6687217
0.6750280
0.6795161
0.6851794
0.6902663
0.6959655
0.7017410
0.7077163
0.7138318
0.7201159
0.7262579
0.7325424
0.7384674
0.7444250
0.7503432
0.7551678
0.7591588
0.7634790
0.7670687
0.7707210
0.7739410
0.7777682
0.7813368
0.7846336
0.7880582
0.7922173
0.7962109
0.8007846
0.8037282
0.8090027
0.8128761
0.8179342
0.8224743
0.8275902
0.8342419
0.8400747
0.8466794
0.8537160
0.8605862
0.8681877
0.8758059
0.8802328
0.8849837
0.8898194
0.8946529
0.9001614
0.9054405
0.9111409
0.9167860
0.9226528
0.9287564
0.9345138
0.9413334
0.9486185
0.9554440
0.9630215
0.9712119
0.9794801
0.9880705
0.9976813
1.0068520
1.0169650
1.0282650
1.0390560
1.0503070
1.0628670
1.0721070
1.0791590
1.0867740
1.0945880
1.1018870
1.1101260
1.1176520
1.1255760
1.1342540
1.1427890
1.1515030
1.1599870
1.1689440
1.1779360
1.1874710
1.1975790
1.2071290
1.2172330
1.2284290
1.2387730
1.2494970
1.2606630
1.2715060
1.2825820
1.2927510
1.3007820
1.3051440
1.3103570
1.3152360
1.3196540
1.3233240
1.3264980
1.3293600
1.3333910
1.3373660
1.3402720
1.3460290
1.3516400
1.3580580
1.3650980
1.3722830
1.3757380
1.3816350
1.3874480
1.3936280
1.4005320
1.4069680
1.4142950
1.4224870
1.4304090
1.4377310
1.4419570
1.4461190
1.4510840
1.4582620
1.4623530
1.4682990
1.4745950
1.4811280
1.4878490
1.4949180
1.5002300
1.5052870
1.5097460
1.5127650
1.5144440
1.5152840
1.5178040
1.5201910
1.5219770
1.5229880
1.5262930
1.5301070
1.5335890
1.5317240
1.5277280
1.5173890
1.5084100
1.5011420
1.4942560
1.4852240
1.4643170
1.4424130
1.4173650
1.4241610
1.4099820
1.3912650
1.3736020
1.3554040
1.3334880
1.3136240
1.2879250
1.2590290
1.2349050
1.2070080
1.1778680
1.1478490
1.1173140
1.0862720
1.0562930
1.0260170
0.9926461
0.9595351
0.9278254
0.8975611
0.8685064
0.8407974
0.8146591
0.7900652
0.7680163
0.7476450
0.7290384
0.7124501
0.6967489
0.6798209
0.6623054
0.6456040
0.6207222
0.6057412
0.5922134
0.5761651
0.5614951
0.5513802
0.5434463
0.5341578
0.5269250
0.5233229
0.5155630
0.5101404
0.5080701
0.5033953
0.5011148
0.5003283
0.5004245
0.5012749
0.5027849
0.5055692
0.5092018
0.5134488
0.5189537
0.5263941
0.5328112
0.5403667
0.5496210
0.5580215
0.5677660
0.5783363
0.5893351
0.6008237
0.6130443
0.6259791
0.6391945
0.6532425
0.6669457
0.6798552
0.6950237
0.7120970
0.7287409
0.7453996
0.7641875
0.7825885
0.8013695
0.8207457
0.8402863
0.8605231
0.8808939
0.9019983
0.9238077
0.9460562
0.9691479
0.9924521
1.0153450
1.0385250
1.0616370
1.0853600
1.1088410
1.1326020
1.1545140
1.1725590
1.1891400
1.2047720
1.2198030
1.2337110
1.2509740
1.2686620
1.2862240
1.3010280
1.3146130
1.3279910
1.3430810
1.3593750
1.3754730
1.3881010
1.3998090
1.4091550
1.4148420
1.4184300
1.4414520
1.4522020
1.4604960
1.4714820
1.4765470
1.4775360
1.4798400
1.4752630
1.4641000
1.4546530
1.4426400
1.4225640
1.4036810
1.3829470
1.3610410
1.3359340
1.3066460
1.2773080
1.2491100
1.2175510
1.1849500
1.1526670
1.1188090
1.0870020
1.0544430
1.0217620
0.9902437
0.9599750
0.9312350
0.9062409
0.8834704
0.8624787
0.8390759
0.8145930
0.7914864
0.7748492
0.7602568
0.7447354
0.7293751
0.7038060
0.6821010
0.6697710
0.6539901
0.6410527
0.6324128
0.6205726
0.6131144
0.6093125
0.6044108
0.6015924
0.6005899
0.6018176
0.6061523
0.6095076
0.6143548
0.6220487
0.6323358
0.6405122
0.6504879
0.6600047
0.6703988
0.6821188
0.6948677
0.7109396
0.7288952
0.7467259
0.7636969
0.7843362
0.8070880
0.8286856
0.8508499
0.8738016
0.8971947
0.9220943
0.9472300
0.9731905
1.0001120
1.0280650
1.0566350
1.0861280
1.1170710
1.1496900
1.1820550
1.2139710
1.2449790
1.2720870
1.2986820
1.3249350
1.3507870
1.3762020
1.4032430
1.4274590
1.4541260
1.4776970
1.5001420
1.5209980
1.5405220
1.5591210
1.5767580
1.6035250
1.6287200
1.6532950
1.6660820
1.6817470
1.7080930
1.7280710
1.7556240
1.7719030
1.7812000
1.7939560
1.8017390
1.8004280
1.7999520
1.7907880
1.7772640
1.7671740
1.7558760
1.7339370
1.7160690
1.6960180
1.6687160
1.6449930
1.6179730
1.5861780
1.5567460
1.5253780
1.4919220
1.4579270
1.4248360
1.3916700
1.3610350
1.3322440
1.3049960
1.2796530
1.2550390
1.2321590
1.2093050
1.1837850
1.1596640
1.1372300
1.1179970
1.0984260
1.0776540
1.0566750
1.0269690
1.0075660
0.9913222
0.9704078
0.9516656
0.9379836
0.9267719
0.9132606
0.9033160
0.8943645
0.8864304
0.8793538
0.8730429
0.8673497
0.8626347
0.8584084
0.8548902
0.8518813
0.8485531
0.8424321
0.8364571
0.8308607
0.8256425
0.8206797
0.8157510
0.8109478
0.8060735
0.8013290
0.7966204
0.7920351
0.7870357
0.7818920
0.7761872
0.7704414
0.7652908
0.7601359
0.7547510
0.7495815
0.7441917
0.7386053
0.7339509
0.7289659
0.7243031
0.7191274
0.7133570
0.7048256
0.6969451
0.6899354
0.6821495
0.6754303
0.6694756
0.6631486
0.6573547
0.6525913
0.6472925
Standard deviation: 0.3898657
