0.0000000
0.0000023
0.0000157
0.0000184
0.0000207
0.0000330
0.0000281
0.0000472
0.0000546
0.0000895
0.0000981
0.0001481
0.0001591
0.0002196
0.0002523
0.0003343
0.0003795
0.0004898
0.0005354
0.0006711
0.0007452
0.0009120
0.0010130
0.0012154
0.0013327
0.0015670
0.0017304
0.0019974
0.0021939
0.0025185
0.0027370
0.0031048
0.0033847
0.0038016
0.0041183
0.0045849
0.0049508
0.0054788
0.0058962
0.0064806
0.0069562
0.0076028
0.0081385
0.0088589
0.0001424
0.0000435
0.0000022
0.0000164
0.0000866
0.0002307
0.0004235
0.0007175
0.0010462
0.0014678
0.0019652
0.0025435
0.0031963
0.0039749
0.0047701
0.0057371
0.0067211
0.0078998
0.0090736
0.0105018
0.0118969
0.0135758
0.0152102
0.0152590
0.0160375
0.0170062
0.0178640
0.0188855
0.0199199
0.0206276
0.0219662
0.0231221
0.0242995
0.0255322
0.0268038
0.0282995
0.0297886
0.0310360
0.0326733
0.1212964
0.1095991
0.0972340
0.0857526
0.0758973
0.0654196
0.0561247
0.0472744
0.0396454
0.0321800
0.0254542
0.0197902
0.0146303
0.0101619
0.0066843
0.0038257
0.0017339
0.0005049
0.0000072
0.0003050
0.0013690
0.0032315
0.0352373
0.0407916
0.0468329
0.0534319
0.0608326
0.0682082
0.0758285
0.0841662
0.0934244
0.1027094
0.1114035
0.1214044
0.1322412
0.1438748
0.1552775
0.1198033
0.1167872
0.1133010
0.1110993
0.1078924
0.1048410
0.1018602
0.0986799
0.0953945
0.0929862
0.2658676
0.2068020
0.1561942
0.1117248
0.0749417
0.0454085
0.0230388
0.0084035
0.0009092
0.0010332
0.0086360
0.0239906
0.0468424
0.0773987
0.1157392
0.1611512
0.2152547
0.2776041
0.3478101
0.4252265
0.5121224
0.6073723
0.7107543
0.8230996
0.9425105
0.2580531
0.2588029
0.2598318
0.2610022
0.2615336
0.2627911
0.2644457
0.2658508
0.2675721
0.2691271
0.2708590
0.2727660
0.2737374
0.2762552
0.2785910
0.2810761
0.2837175
0.2866633
0.2891565
0.2901246
0.2929557
0.2950591
0.2968123
0.2987804
0.3009326
0.3036655
0.3065003
0.3094717
0.3122430
0.3155485
0.3190254
0.3220858
0.3252872
0.3265965
0.3281282
0.3294433
0.3323663
0.3343846
0.3361222
0.3358691
0.3363793
0.3366957
0.3368539
0.3367892
0.3362499
0.3380275
0.3383158
0.3382509
0.3380924
0.3383446
0.3383446
0.3383158
0.3393619
0.3394269
0.3392031
0.3388855
0.3378041
0.3368539
0.3359984
0.3351440
0.3350148
0.3337821
0.3339110
0.3341617
0.3327715
0.3324846
0.3327988
0.3335575
0.3334925
0.3334653
0.3335575
0.3323276
0.3321706
0.3321978
0.3321057
0.3313486
0.3321057
0.3327338
0.3334003
0.3345671
0.3346322
0.3337149
0.3337799
0.3344096
0.3345398
0.3353006
0.3359317
0.3370102
0.3379975
0.3367984
0.3361015
0.3361278
0.3361278
0.3362592
0.3367984
0.3382602
0.3391176
0.3406903
0.3431557
0.3446978
0.3470441
0.3497334
0.3523927
0.3563058
0.3594518
0.3635679
0.3683399
0.3720084
0.3769049
0.3820015
0.3869208
0.3925672
0.3981114
0.4039395
0.4081846
0.4133129
0.4185468
0.4237109
0.4293661
0.4353883
0.4416330
0.4481803
0.4549293
0.4622828
0.4694613
0.4775423
0.4856436
0.4938621
0.5026467
0.5113958
0.5204482
0.5296308
0.5388938
0.5484707
0.5589967
0.5701717
0.5811099
0.5930426
0.6050966
0.6166092
0.6290799
0.6415842
0.6554950
0.6683511
0.6826059
0.6966892
0.7142821
0.7315925
0.7486776
0.7667351
0.7846035
0.8031888
0.8226271
0.8413410
0.8624532
0.8868785
0.9068225
0.9333537
0.9545642
0.9784564
1.0034160
1.0289660
1.0533260
1.0773330
1.1019950
1.1246230
1.1466550
1.1678970
1.1884920
1.2079960
1.2261530
1.2428540
1.2596670
1.2765130
1.2923160
1.3057510
1.3193860
1.3237390
1.3533770
1.3698830
1.3780400
1.3909510
1.4004040
1.4008600
1.4031950
1.4037870
1.3971070
1.3934630
1.3857150
1.3758210
1.3680400
1.3559510
1.3429690
1.3293950
1.3145910
1.2988620
1.2820460
1.2650350
1.2477550
1.2303710
1.2125580
1.1952960
1.1776160
1.1601910
1.1423620
1.1246240
1.1071910
1.0890890
1.0716530
1.0536830
1.0364190
1.0186330
1.0025450
0.9866292
0.9708405
0.9563852
0.9405347
0.9253395
0.9100088
0.8949558
0.8803900
0.8667671
0.8529356
0.8398809
0.8256285
0.8113957
0.7968410
0.7822781
0.7687636
0.7551306
0.7418537
0.7296231
0.7177830
0.7061727
0.6952999
0.6845113
0.6741602
0.6640731
0.6542460
0.6448731
0.6354933
0.6266514
0.6180500
0.6099327
0.6016580
0.5931430
0.5852256
0.5780861
0.5713493
0.5650271
0.5589099
0.5525725
0.5464393
0.5404567
0.5334307
0.5245445
0.5138783
0.5078024
0.4992135
0.4929545
0.4870833
0.4827741
0.4773396
0.4731045
0.4702870
0.4664242
0.4632140
0.4602719
0.4571554
0.4537897
0.4507715
0.4477173
0.4434350
0.4401957
0.4381680
0.4350525
0.4325590
0.4291072
0.4267049
0.4238075
0.4211700
0.4179108
0.4170903
0.4146931
0.4131034
0.4112407
0.4098316
0.4087152
0.4073830
0.4062262
0.4065443
0.4066874
0.4079753
0.4103241
0.4114138
0.4135247
0.4163135
0.4188622
0.4215220
0.4246184
0.4275482
0.4308894
0.4346325
0.4385417
0.4431621
0.4474733
0.4519883
0.4568628
0.4619483
0.4671393
0.4725464
0.4780945
0.4838642
0.4898269
0.4958261
0.5018942
0.5082664
0.5148486
0.5213915
0.5278116
0.5338731
0.5390036
0.5436397
0.5478433
0.5514565
0.5547106
0.5574487
0.5596172
0.5611780
0.5613819
0.5607203
0.5594981
0.5587186
0.5580240
0.5565518
0.5552844
0.5528379
0.5521470
0.5561803
0.5555714
0.5541025
0.5539396
0.5537369
0.5526756
0.5506876
0.5482517
0.5451824
0.5411066
0.5362480
0.5302203
0.5247372
0.5181398
0.5102550
0.5030561
0.4946668
0.4851757
0.4763733
0.4666112
0.4560620
0.4459971
0.4350288
0.4233103
0.4120710
0.4001509
0.3874175
0.3751547
0.3624328
0.3504940
0.3395811
0.3282081
0.3171269
0.3058725
0.2946734
0.2836237
0.2725844
0.2617072
0.2510827
0.2404044
0.2295189
0.2187811
0.2078765
0.1973002
0.1870214
0.1766528
0.1667114
0.1567975
0.1472116
0.1378449
0.1288039
0.1199409
0.1115923
0.1033335
0.0956958
0.0886818
0.0822301
0.0756630
0.0696703
0.0637332
0.0580850
0.0525874
0.0473741
0.0423996
0.0376696
0.0331089
0.0288800
0.0248970
0.0210977
0.0176423
0.0144361
0.0115686
0.0089981
0.0067452
0.0048129
0.0031534
0.0018202
0.0008589
0.0002424
0.0000033
0.0001193
0.0005552
0.0013146
0.0022777
0.0035620
0.0052109
0.0073029
0.0098062
0.0127144
0.0160071
0.0196785
0.0234433
0.0272663
0.0315913
0.0357575
0.0406099
0.0457710
0.0511790
0.0585685
0.0657396
0.0744674
0.0823236
0.0906892
0.0995271
0.1091190
0.1191919
0.1286257
0.1390287
0.1504499
0.1619258
0.1745983
0.1873229
0.2008617
0.2150753
0.2295130
0.2448248
0.2603524
0.2767304
0.2937266
0.3112293
0.3297085
0.3486559
0.3678343
0.3873908
0.4076280
0.4282018
0.4502335
0.4732316
0.4953026
0.5190558
0.5434460
0.5657862
0.5885999
0.6121188
0.6363611
0.6613840
0.6872522
0.7136167
0.7404289
0.7677849
0.7957337
0.8243316
0.8531304
0.8828346
0.9129972
0.9434522
0.9747831
1.0064080
1.0387060
1.0717380
1.1054610
1.1397060
1.1747680
1.2103010
1.2461200
1.2826490
1.3168100
1.3493500
1.3826780
1.4147890
1.4496960
1.4831060
1.5177730
1.5526940
1.5879510
1.6224860
1.6570430
1.6918230
1.7263130
1.7586940
1.7901250
1.8208090
1.8504150
1.8837070
1.9174450
1.9511020
1.9848170
2.0060380
2.0229490
2.0396800
2.0570400
2.0776260
2.0964150
2.1141880
2.1369030
2.1564460
2.1578920
2.1710120
2.1756770
2.1863430
2.1895680
2.1768160
2.1685140
2.1568470
2.1375440
2.1221430
2.1053690
2.0753350
2.0488750
2.0188600
1.9836690
1.9511550
1.9140670
1.8745570
1.8370180
1.7969340
1.7569920
1.7131190
1.6679350
1.6230070
1.5785610
1.5334370
1.4889140
1.4444960
1.4010950
1.3581610
1.3157750
1.2746060
1.2336720
1.1938180
1.1522120
1.1135970
1.0729710
1.0351010
0.9951312
0.9566445
0.9179738
0.8788064
0.8405101
0.8024123
0.7636777
0.7268296
0.6894480
0.6509083
0.6141165
0.5767721
0.5395529
0.5037382
0.4680214
0.4338383
0.4006333
0.3682926
0.3370817
0.3060468
0.2760483
0.2479511
0.2202794
0.1935716
0.1687009
0.1448695
0.1222803
0.1021458
0.0832163
0.0659613
0.0508315
0.0375846
0.0262184
0.0169151
0.0095992
0.0043708
0.0011673
0.0000059
0.0008232
0.0035486
0.0081074
0.0144374
0.0224650
0.0325389
0.0444824
0.0581983
0.0722443
0.0872560
0.1031585
0.1200286
0.1380745
0.1578158
0.1783891
0.1999790
0.2284499
0.2513714
0.2780426
0.3055720
0.3318391
0.3559844
0.3829311
0.4092924
0.4310071
0.4552392
0.4775555
0.4957666
0.5171901
0.5367789
0.5507494
0.5676563
0.5839388
0.5943998
0.6075127
0.6194667
0.6285952
0.6363871
0.6433033
0.6488056
0.6530451
0.6558737
0.6574340
0.6580964
0.6573834
0.6554834
0.6528251
0.6493791
0.6462452
0.6416418
0.6358381
0.6302243
0.6239411
0.6177377
0.6117303
0.6053761
0.5992999
0.5930108
0.5869972
0.5811884
0.5753618
0.5697371
0.5645821
0.5603580
0.5566347
0.5533748
0.5505286
0.5490692
0.5484638
0.5486655
0.5485874
0.5490692
0.5501244
0.5517876
0.5527671
0.5534990
0.5533843
0.5536659
0.5535870
0.5551314
0.5572543
0.5500104
0.5504597
0.5522022
0.5522022
0.5543984
0.5588831
0.5624884
0.5682033
0.5757725
0.5818893
0.5901301
0.6002106
0.6093123
0.6195546
0.6306636
0.6423566
0.6549042
0.6693187
0.6849297
0.6999478
0.7168103
0.7350133
0.7521693
0.7714903
0.7916360
0.8119993
0.8338110
0.8569211
0.8791245
0.9029067
0.9270639
0.9519554
0.9768609
1.0025270
1.0280820
1.0538350
1.0804870
1.1068360
1.1337920
1.1603060
1.1818360
1.2017040
1.2201650
1.2371330
1.2555580
1.2733170
1.2896840
1.3036850
1.3140620
1.3261180
1.3394230
1.3635020
1.3794980
1.3926190
1.4087840
1.4200930
1.4260200
1.4350390
1.4422490
1.4409390
1.4429040
1.4432320
1.4357630
1.4325540
1.4257650
1.4144330
1.4056060
1.3932630
1.3779530
1.3643880
1.3481640
1.3321600
1.3143840
1.2954760
1.2762760
1.2572190
1.2381210
1.2192880
1.2006630
1.1825950
1.1652520
1.1488000
1.1332210
1.1165340
1.1001440
1.0834800
1.0679000
1.0521520
1.0395290
1.0279200
1.0173690
1.0075850
0.9988325
0.9907675
0.9836046
0.9817117
0.9796567
0.9763040
0.9717055
0.9664391
0.9496555
0.9429081
0.9380892
0.9305931
0.9248596
0.9212928
0.9193020
0.9173681
0.9169487
0.9174714
0.9186754
0.9205072
0.9232857
0.9267526
0.9304891
0.9351289
0.9413189
0.9488580
0.9554095
0.9630046
0.9726754
0.9816901
0.9918332
1.0040490
1.0124360
1.0225130
1.0342510
1.0466680
1.0601720
1.0767630
1.0919430
1.1096420
1.1300930
1.1494440
1.1711430
1.1946550
1.2177400
1.2426880
1.2696100
1.2909830
1.3125980
1.3336360
1.3537590
1.3839720
1.4165960
1.4502570
1.4804580
1.5024620
1.5233450
1.5428630
1.5590440
1.5862230
1.6157870
1.6457630
1.6569880
1.6627550
1.6652200
1.6659250
1.6698020
1.6743910
1.6972850
1.7127540
1.7116820
1.7196910
1.7264990
1.7229140
1.7224120
1.7182600
1.7068290
1.6979250
1.6858540
1.6695910
1.6487060
1.6333210
1.6125960
1.5897630
1.5648740
1.5396390
1.5130660
1.4862570
1.4586990
1.4318570
1.4050040
1.3785970
1.3525050
1.3265370
1.3006950
1.2758470
1.2514220
1.2295940
1.2089170
1.1894270
1.1712200
1.1527420
1.1347580
1.1178410
1.1016800
1.0883120
1.0766690
1.0645800
1.0528950
1.0417100
1.0282130
1.0146920
1.0037210
0.9817431
0.9686928
0.9586157
0.9462005
0.9340234
0.9279113
0.9240227
0.9175262
0.9150196
0.9154362
0.9139202
0.9153306
0.9190452
0.9212954
0.9265974
0.9340234
0.9398910
0.9475282
0.9566383
0.9660602
0.9773124
0.9892768
1.0015290
1.0140850
1.0304290
1.0452290
1.0617670
1.0826900
1.1002640
1.1225460
1.1463370
1.1691980
1.1940720
1.2207150
1.2472900
1.2750750
1.3045970
1.3349010
1.3664490
1.3989410
1.4363980
1.4760690
1.5152100
1.5572460
1.6039350
1.6507560
1.7018070
1.7568210
1.8059740
1.8579480
1.9135360
1.9709360
2.0322940
2.0934960
2.1549540
2.2198290
2.2854980
2.3538900
2.4231970
2.4932540
2.5644870
2.6304280
2.6937060
2.7614610
2.8312490
2.9016320
2.9713640
3.0343160
3.0944620
3.1544270
3.2147680
3.2832000
3.3447540
3.4178730
3.4838380
3.5507870
3.5968530
3.6495820
3.6862090
3.7358960
3.7784670
3.8089090
3.8457900
3.8741340
3.8870500
3.9066740
3.9198640
3.9217050
3.9272290
3.9270090
3.9195450
3.9089520
3.8953390
3.8778930
3.8579040
3.8352970
3.8094410
3.7802750
3.7473080
3.7025990
3.6711140
3.6059790
3.5587070
3.4910850
3.4195480
3.3514500
3.2860390
3.2289040
3.1657630
3.0978550
3.0290640
2.9587010
2.8870150
2.8156690
2.7443120
2.6730590
2.6016840
2.5366820
2.4726560
2.4037780
2.3346220
2.2659710
2.2029800
2.1424720
2.0834320
2.0265400
1.9673760
1.9090010
1.8521140
1.7992550
1.7481940
1.6990170
1.6506030
1.6021990
1.5541160
1.5068250
1.4618530
1.4276750
1.3955110
1.3453200
1.3096590
1.2779370
1.2429370
1.2108910
1.1900980
1.1621120
1.1370730
1.1204520
1.0998820
1.0854230
1.0753600
1.0642190
1.0552600
1.0481420
1.0425540
1.0419320
1.0427720
1.0385860
1.0390260
1.0400410
1.0415450
1.0452280
1.0492640
1.0544260
1.0604420
1.0672210
1.0748010
1.0829940
1.0917180
1.1012850
1.1113000
1.1219370
1.1331540
1.1448890
1.1572710
1.1699630
1.1847460
1.2007650
1.2159170
1.2334790
1.2538570
1.2727380
1.2941840
1.3179350
1.3383120
1.3623610
1.3888150
1.4142830
1.4416960
1.4712970
1.5003930
1.5315400
1.5673180
1.6011560
1.6379380
1.6787480
1.7163450
1.7587750
1.8032750
1.8474370
1.8934760
1.9413120
1.9904470
2.0412350
2.0939070
2.1480470
2.2029140
2.2604480
2.3199670
2.3801530
2.4396810
2.5001710
2.5611480
2.6235200
2.6864940
2.7472840
2.8043860
2.8543350
2.9112180
2.9697180
3.0279320
3.0853560
3.1419140
3.1954190
3.2497010
3.3050190
3.3599720
3.4175150
3.4696330
3.5367940
3.5945370
3.6570790
3.7031740
3.7566710
3.8062170
3.8470560
3.8945720
3.9329160
3.9612450
3.9677890
3.9786810
3.9808060
3.9719450
3.9688280
3.9588990
3.9362890
3.9191710
3.8943480
3.8569500
3.8233660
3.7827820
3.7355770
3.6917160
3.6443490
3.5918290
3.5367470
3.4678940
3.3860600
3.3132070
3.2324970
3.1664840
3.0861610
3.0151280
2.9345070
2.8569470
2.7805500
2.7070570
2.6424620
2.5616740
2.4825340
2.4050570
2.3298120
2.2594760
2.1921640
2.1273590
2.0646660
2.0073410
1.9526600
1.8994820
1.8492610
1.8017180
1.7385260
1.6822480
1.6340750
1.5811270
1.5374720
1.4984470
1.4561210
1.4184470
1.3866290
1.3512170
1.3207650
1.2945940
1.2644290
1.2376930
1.2167930
1.1915350
1.1711770
1.1539380
1.1347490
1.1185980
1.1055650
1.0909740
1.0787860
1.0693610
1.0579490
1.0496840
1.0432830
1.0358600
1.0304430
1.0272910
1.0225400
1.0197890
1.0192630
1.0172950
1.0170210
1.0184840
1.0189890
1.0211170
1.0235400
1.0246160
1.0265910
1.0286850
1.0304090
1.0326230
1.0344890
1.0365910
1.0332910
1.0282930
1.0218630
1.0139920
1.0043530
0.9929515
0.9799516
0.9732732
0.9675097
0.9626940
0.9577374
0.9455897
0.9448192
0.9366559
0.9259068
0.9180262
0.9067788
0.8917660
0.8788326
0.8625858
0.8420568
0.8234208
0.8024318
0.7797693
0.7581209
0.7347735
0.7100329
0.6880842
0.6642761
0.6401610
0.6168696
0.5940409
0.5712332
0.5492732
0.5279111
0.5056137
0.4853154
0.4641956
0.4444209
0.4228766
0.4030187
0.3821092
0.3647235
0.3434196
0.3248104
0.3048623
0.2865874
0.2665337
0.2475913
0.2287834
0.2100722
0.1922776
0.1747295
0.1574076
0.1414102
0.1256468
0.1104229
0.0962657
0.0827403
0.0706533
0.0593272
0.0489899
0.0405225
0.0332087
0.0268304
0.0213398
0.0162302
0.0118461
0.0082539
0.0053865
0.0031655
0.0015755
0.0005293
0.0000374
0.0002673
0.0013210
0.0031388
0.0056524
0.0089383
0.0124386
0.0168650
0.0208932
0.0258030
0.0310025
0.0359248
0.0417287
0.0471838
0.0522433
0.0582711
0.0636456
0.0683606
0.0741037
0.0790329
0.0831606
0.0882630
0.0922643
0.0956425
0.0996958
0.1025007
0.1044439
0.1073469
0.1102004
0.1119833
0.1144659
0.1158885
0.1155862
0.1160258
0.1159342
0.1135657
0.1124044
0.1102839
0.1068036
0.1039513
0.1000474
0.0950773
0.0906928
0.0856299
0.0803507
0.0752716
0.0698166
0.0644732
0.0588209
0.0533618
0.0479186
0.0425121
0.0374225
0.0324273
0.0281001
0.0243706
0.0207806
0.0174432
0.0143394
0.0115089
0.0089179
0.0066473
0.0046672
0.0030142
0.0017059
0.0007568
0.0001766
0.0000007
0.0002324
0.0008990
0.0019941
0.0035888
0.0057133
0.0082957
0.0114946
0.0155905
0.0201139
0.0255118
0.0321104
0.0389487
0.0472670
0.0561782
0.0655915
0.0761580
0.0880658
0.1006409
0.1146958
0.1302133
0.1466186
0.1645548
0.1841797
0.2044544
0.2267452
0.2504408
0.2755781
0.3027474
0.3321403
0.3625203
0.3954851
0.4310400
0.4661626
0.5039835
0.5441200
0.5851260
0.6285250
0.6727350
0.7190877
0.7666737
0.8157043
0.8655090
0.9186903
0.9732231
1.0295690
1.0846450
1.1439420
1.2041510
1.2674700
1.3319500
1.3986420
1.4664980
1.5356300
1.6043290
1.6740330
1.7445160
1.8161520
1.8921610
1.9684820
2.0472220
2.1287810
2.2106340
2.2949730
2.3810960
2.4689910
2.5572960
2.6477310
2.7367690
2.8273650
2.9111420
2.9902520
3.0695160
3.1489750
3.2292100
3.3090810
3.3889750
3.4752270
3.5601890
3.6421080
3.7274150
3.8016650
3.8751600
3.9583670
4.0444810
4.1233420
4.1831690
4.2540760
4.3164390
4.3768710
4.4356040
4.4920600
4.5491580
4.5918510
4.6415220
4.6702080
4.6869900
4.6929840
4.6902590
4.6951350
4.6932420
4.6856430
4.6745290
4.6520540
4.6196970
4.5868840
4.5507430
4.5107210
4.4714670
4.4257210
4.3762760
4.3245500
4.2710220
4.2170950
4.1586480
4.0955170
4.0271000
3.9395490
3.8714900
3.7851940
3.7143250
3.6252180
3.5460420
3.4635490
3.3719310
3.2898920
3.2012780
3.1105340
3.0209110
2.9330060
2.8470460
2.7621450
2.6707330
2.6004460
2.5117940
2.4235050
2.3369780
2.2537120
2.1710800
2.0910230
2.0148010
1.9401790
1.8667830
1.7949630
1.7224300
1.6523640
1.5829350
1.5161060
1.4506230
1.3855570
1.3226980
1.2611510
1.2014900
1.1432750
1.0872790
1.0299050
0.9745830
0.9200640
0.8667566
0.8162835
0.7675565
0.7210594
0.6756015
0.6304455
0.5867498
0.5460899
0.5051191
0.4668579
0.4292789
0.3927369
0.3580420
0.3241667
0.2915598
0.2607552
0.2310649
0.2035186
0.1769972
0.1522283
0.1294114
0.1092759
0.0911017
0.0748217
0.0603282
0.0476647
0.0367042
0.0273595
0.0195440
0.0131962
0.0084436
0.0047907
0.0021194
0.0005283
0.0000507
0.0010592
0.0031324
0.0066048
0.0108169
0.0154378
0.0213111
0.0277331
0.0333596
0.0405572
0.0480326
0.0542983
0.0615937
0.0687295
0.0750182
0.0814763
0.0879379
0.0925878
0.0986842
0.1037685
0.1083650
0.1126787
0.1165652
0.1199574
0.1233054
0.1261295
0.1286674
0.1309621
0.1323216
0.1335915
0.1342795
0.1339595
0.1341437
0.1332770
0.1313697
0.1301919
0.1279040
0.1256993
0.1237631
0.1211868
0.1172727
0.1142226
0.1103799
0.1053133
0.1015828
0.0966465
0.0912609
0.0863600
0.0814201
0.0763112
0.0712687
0.0662414
0.0613327
0.0564962
0.0518011
0.0471484
0.0427640
0.0384714
0.0344057
0.0305253
0.0268161
0.0234203
0.0202050
0.0174300
0.0150710
0.0127005
0.0105721
0.0087661
0.0069204
0.0053749
0.0039533
0.0027622
0.0017533
0.0009690
0.0004129
0.0000880
0.0000035
0.0001638
0.0005870
0.0012763
0.0022177
0.0034468
0.0050067
0.0068074
0.0089057
0.0112727
0.0139776
0.0169405
0.0201896
0.0235426
0.0268869
0.0304971
0.0342213
0.0380855
0.0423112
0.0468087
0.0514540
0.0564928
0.0615203
0.0666662
0.0719571
0.0775109
0.0835644
0.0899535
0.0961543
0.1029607
0.1094681
0.1162532
0.1232920
0.1304470
0.1381689
0.1462088
0.1543816
0.1629750
0.1703650
0.1770737
0.1831674
0.1890457
0.1963795
0.2040794
0.2119782
0.2199753
0.2250539
0.2291855
0.2328121
0.2358138
0.2377375
0.2394923
0.2422253
0.2452173
0.2466953
0.2543744
0.2571298
0.2587045
0.2620530
0.2640136
0.2641426
0.2625618
0.2633799
0.2618578
0.2597108
0.2570142
0.2536471
0.2498009
0.2459243
0.2419593
0.2376598
0.2334663
0.2293010
0.2250588
0.2210307
0.2169267
0.2130280
0.2092793
0.2056776
0.2022156
0.1990065
0.1960409
0.1933136
0.1914737
0.1900670
0.1890971
0.1884519
0.1877074
0.1872732
0.1870605
0.1871648
0.1870018
0.1866287
0.1859358
0.1854559
0.1857237
0.1871623
0.1890341
0.1854077
0.1848208
0.1842906
0.1841312
0.1843462
0.1850324
0.1858837
0.1871101
0.1886590
0.1905382
0.1929686
0.1954756
0.1983752
0.2016293
0.2053009
0.2101357
0.2143470
0.2194562
0.2256803
0.2299114
0.2354993
0.2415783
0.2474216
0.2545218
0.2624120
0.2699782
0.2787539
0.2880033
0.2973991
0.3076970
0.3188667
0.3302404
0.3424549
0.3559252
0.3692778
0.3836403
0.3995200
0.4150820
0.4329721
0.4526496
0.4718331
0.4932257
0.5156196
0.5387950
0.5629852
0.5880992
0.6142418
0.6416379
0.6715536
0.7015293
0.7344738
0.7704452
0.8061681
0.8453088
0.8880290
0.9263588
0.9677907
1.0116130
1.0569120
1.1082500
1.1626660
1.2170240
1.2676330
1.3228060
1.3797310
1.4381560
1.4974950
1.5595560
1.6213250
1.6849210
1.7492470
1.8133960
1.8761700
1.9388200
2.0017920
2.0648990
2.1279040
2.1974970
2.2684140
2.3398800
2.4124420
2.4865170
2.5630820
2.6408080
2.7182730
2.7976920
2.8784480
2.9573970
3.0365680
3.1117900
3.1852960
3.2576650
3.3304050
3.4028030
3.4748360
3.5462400
3.6176660
3.6988170
3.7743190
3.8457580
3.9134780
3.9803240
4.0554010
4.1374280
4.2169970
4.2774770
4.3486420
4.4108340
4.4714010
4.5284500
4.5735130
4.6050770
4.6219580
4.6513190
4.6677590
4.6903290
4.6975140
4.7095000
4.7060340
4.7004500
4.6847540
4.6666820
4.6449680
4.6141510
4.5736560
4.5283870
4.4804640
4.4281550
4.3748830
4.3158000
4.2457480
4.1572270
4.0904560
4.0143880
3.9412280
3.8511410
3.7716320
3.6842150
3.5887630
3.5016750
3.4052260
3.3179630
3.2201380
3.1320270
3.0338080
2.9373520
2.8596510
2.7603240
2.6645450
2.5669890
2.4699260
2.3756870
2.2825300
2.1908750
2.1012840
2.0128640
1.9266830
1.8423940
1.7609590
1.6813640
1.6043940
1.5266380
1.4509670
1.3769340
1.3061020
1.2359110
1.1687160
1.1032770
1.0397180
0.9781642
0.9179010
0.8600147
0.8035678
0.7493524
0.6953013
0.6450384
0.5943924
0.5481682
0.4989124
0.4546129
0.4109611
0.3698820
0.3305428
0.2934807
0.2585599
0.2257926
0.1952467
0.1675188
0.1422364
0.1191469
0.0982948
0.0787925
0.0615024
0.0464594
0.0335004
0.0234910
0.0154820
0.0092660
0.0047202
0.0017491
0.0002438
0.0001283
0.0015071
0.0040478
0.0090298
0.0147673
0.0211719
0.0298153
0.0393511
0.0481453
0.0588012
0.0694848
0.0796017
0.0913668
0.1021738
0.1121035
0.1233107
0.1343781
0.1441046
0.1522525
0.1625439
0.1715469
0.1796481
0.1874595
0.1951124
0.2020926
0.2087481
0.2151725
0.2212890
0.2271409
0.2326557
0.2384811
0.2444923
0.2502697
0.2558680
0.2612790
0.2666838
0.2719513
0.2770758
0.2821208
0.2872765
0.2924770
0.2977926
0.3029548
0.3082270
0.3134785
0.3187723
0.3239717
0.3292152
0.3344283
0.3396091
0.3449773
0.3500946
0.3547415
0.3596382
0.3644236
0.3683482
0.3727426
0.3776096
0.3814496
0.3860679
0.3894939
0.3920165
0.3950835
0.3971611
0.3980086
0.3995523
0.3999396
0.3991671
0.3988570
0.3981624
0.3960055
0.3946239
0.3924746
0.3901047
0.3876661
0.3850062
0.3822048
0.3788881
0.3755839
0.3718481
0.3679810
0.3633236
0.3581849
0.3541788
0.3496837
0.3442866
0.3393559
0.3336150
0.3271554
0.3208955
0.3138727
0.3058490
0.2985922
0.2902374
0.2814214
0.2729283
0.2637518
0.2538672
0.2449581
0.2351990
0.2251185
0.2158803
0.2061707
0.1966292
0.1871039
0.1778139
0.1685089
0.1593090
0.1503190
0.1421286
0.1344089
0.1269039
0.1196989
0.1128274
0.1061994
0.0998099
0.0935446
0.0876990
0.0820071
0.0764387
0.0711630
0.0660452
0.0612396
0.0567601
0.0524513
0.0483121
0.0444458
0.0406673
0.0369858
0.0336134
0.0303380
0.0271303
0.0241583
0.0213052
0.0186313
0.0165934
0.0147301
0.0130193
0.0114274
0.0100001
0.0087019
0.0075260
0.0064547
0.0055020
0.0045016
0.0036234
0.0028276
0.0021077
0.0015171
0.0010273
0.0006235
0.0003178
0.0001015
0.0000043
0.0000365
0.0002076
0.0005075
0.0009962
0.0016581
0.0025000
0.0034980
0.0042732
0.0050910
0.0059615
0.0068804
0.0078760
0.0089388
0.0100077
0.0111112
0.0122049
0.0133076
0.0143701
0.0154126
0.0164292
0.0176398
0.0188767
0.0202250
0.0217095
0.0233958
0.0250871
0.0267974
0.0286054
0.0303448
0.0322669
0.0345877
0.0364277
0.0384628
0.0399369
0.0416630
0.0431462
0.0446037
0.0459807
0.0478313
0.0493652
0.0507857
0.0519479
0.0534048
0.0547961
0.0561763
0.0576030
0.0588696
0.0601504
0.0614447
0.0630283
0.0647564
0.0666337
0.0686657
0.0705013
0.0724924
0.0744780
0.0766930
0.0787249
0.0795148
0.0803444
0.0812118
0.0817005
0.0822949
0.0827862
0.0832438
0.0836667
0.0845879
0.0857284
0.0869491
0.0882146
0.0897808
0.0914727
0.0933668
0.0953925
0.0976700
0.1002439
0.1028135
0.1052954
0.1078069
0.1098623
0.1124281
0.1152720
0.1180675
0.1196666
0.1212788
0.1205136
0.1209819
0.1218775
0.1228177
0.1241489
0.1259219
0.1282345
0.1302122
0.1328287
0.1360575
0.1387772
0.1420771
0.1456032
0.1492651
0.1533570
0.1578428
0.1628385
0.1677109
0.1733170
0.1795827
0.1856988
0.1925599
0.2001463
0.2060487
0.2119855
0.2184613
0.2247437
0.2317662
0.2389562
0.2465580
0.2543426
0.2631239
0.2725672
0.2818540
0.2920218
0.3034466
0.3138569
0.3256305
0.3379008
0.3501850
0.3638678
0.3786420
0.3930965
0.4090755
0.4274481
0.4451618
0.4649892
0.4873802
0.5085836
0.5304124
0.5546248
0.5786244
0.6034247
0.6308807
0.6581587
0.6870207
0.7171292
0.7481037
0.7800499
0.8132116
0.8453763
0.8778232
0.9101743
0.9424030
0.9733702
1.0033650
1.0325740
1.0606760
1.0878820
1.1089560
1.1272460
1.1473880
1.1679720
1.2026910
1.2293450
1.2464360
1.2655770
1.2798500
1.2861180
1.2958900
1.3000910
1.2936580
1.2893310
1.2784700
1.2577040
1.2390420
1.2142810
1.1803840
1.1484410
1.1173130
1.0884050
1.0593770
1.0292430
0.9981968
0.9665251
0.9344259
0.9018121
0.8685210
0.8330420
0.7892233
0.7437199
0.6962852
0.6494249
0.6029561
0.5572903
0.5127119
0.4700854
0.4287381
0.3891428
0.3511739
0.3150811
0.2810776
0.2488904
0.2188372
0.1909249
0.1654735
0.1422098
0.1209235
0.1016730
0.0847373
0.0697007
0.0564206
0.0448053
0.0351702
0.0269035
0.0198789
0.0138145
0.0082699
0.0038321
0.0014219
0.0000856
0.0002457
0.0014978
0.0040099
0.0073381
0.0112817
0.0164642
0.0220313
0.0277669
0.0347164
0.0413283
0.0478154
0.0553218
0.0625091
0.0694487
0.0770984
0.0841406
0.0908599
0.0981831
0.1051089
0.1111541
0.1181772
0.1240586
0.1290237
0.1349407
0.1397454
0.1442415
0.1500339
0.1545249
0.1577005
0.1618597
0.1647549
0.1665232
0.1688529
0.1690055
0.1679347
0.1674334
0.1663226
0.1617588
0.1589342
0.1555957
0.1493622
0.1441958
0.1386117
0.1310701
0.1243932
0.1170792
0.1092958
0.1020587
0.0941898
0.0863473
0.0787077
0.0711733
0.0644235
0.0578863
0.0515053
0.0454154
0.0396128
0.0340897
0.0288362
0.0239815
0.0195206
0.0154124
0.0117617
0.0084998
0.0057102
0.0034813
0.0017542
0.0005915
0.0000458
0.0001248
0.0008794
0.0023363
0.0045477
0.0076303
0.0114676
0.0162865
0.0222260
0.0290033
0.0370145
0.0455477
0.0550231
0.0657120
0.0777357
0.0906176
0.1049631
0.1207113
0.1375198
0.1560565
0.1758101
0.1966396
0.2189821
0.2425855
0.2672109
0.2930202
0.3197415
0.3473322
0.3758371
0.4061828
0.4372947
0.4698008
0.5029541
0.5333931
0.5632519
0.5927621
0.6221474
0.6480259
0.6697633
0.6920288
0.7157003
0.7431101
0.7689552
0.7988119
0.8253714
0.8426993
0.8656802
0.8848308
0.8976808
0.9136076
0.9237732
0.9253390
0.9296744
0.9287171
0.9203145
0.9141903
0.9034982
0.8861144
0.8726669
0.8571026
0.8369840
0.8183379
0.8003632
0.7818267
0.7628369
0.7412513
0.7144123
0.6834838
0.6509087
0.6182547
0.5870086
0.5549052
0.5237703
0.4931071
0.4620802
0.4315746
0.4015568
0.3720067
0.3434301
0.3158619
0.2885076
0.2627788
0.2378183
0.2150227
0.1936090
0.1735773
0.1547850
0.1363299
0.1193476
0.1034473
0.0888811
0.0758964
0.0640975
0.0531580
0.0430396
0.0341250
0.0265733
0.0201808
0.0148969
0.0106932
0.0067767
0.0032947
0.0011729
0.0001269
0.0001091
0.0009241
0.0026967
0.0051482
0.0080900
0.0119108
0.0160381
0.0203959
0.0256808
0.0309927
0.0362293
0.0423635
0.0482820
0.0538875
0.0603195
0.0663035
0.0717909
0.0785809
0.0850894
0.0908683
0.0975797
0.1038045
0.1091616
0.1153015
0.1206926
0.1245918
0.1296436
0.1339540
0.1367050
0.1402248
0.1427538
0.1440938
0.1461637
0.1471395
0.1455422
0.1450505
0.1441385
0.1417423
0.1399482
0.1358197
0.1307872
0.1267438
0.1211766
0.1141989
0.1082784
0.1027772
0.0955236
0.0901043
0.0830648
0.0756138
0.0691110
0.0621126
0.0552389
0.0485759
0.0421067
0.0358612
0.0299770
0.0245226
0.0194960
0.0149916
0.0108954
0.0074384
0.0045709
0.0023557
0.0008562
0.0000947
0.0000997
0.0009090
0.0026087
0.0051397
0.0086248
0.0131681
0.0180546
0.0238615
0.0307469
0.0385039
0.0472203
0.0575227
0.0686128
0.0811852
0.0953683
0.1100576
0.1266562
0.1448675
0.1640906
0.1847267
0.2065235
0.2297383
0.2541026
0.2797659
0.3068231
0.3349623
0.3643470
0.3951248
0.4268982
0.4576511
0.4885694
0.5199282
0.5515297
0.5822089
0.6119159
0.6415111
0.6712048
0.6907961
0.7097740
0.7285976
0.7607415
0.7842197
0.8129198
0.8363538
0.8517271
0.8710020
0.8854001
0.8926980
0.9028294
0.9081193
0.9053075
0.9047929
0.8958741
0.8893097
0.8821342
0.8719752
0.8632201
0.8529393
0.8404713
0.8273928
0.8133578
0.7957990
0.7774937
0.7587289
0.7393950
0.7197708
0.6994246
0.6768108
0.6503567
0.6225274
0.5948563
0.5677434
0.5379152
0.5079844
0.4790692
0.4502242
0.4253163
0.4019498
0.3796226
0.3582702
0.3378814
0.3184840
0.2985192
0.2806906
0.2646326
0.2487875
0.2319876
0.2140730
0.1997814
0.1865897
0.1727067
0.1606118
0.1516367
0.1417392
0.1328856
0.1270832
0.1213458
0.1170643
0.1150177
0.1118109
0.1101876
0.1107147
0.1102778
0.1113646
0.1148336
0.1162591
0.1183558
0.1248622
0.1301808
0.1366144
0.1450364
0.1532656
0.1627545
0.1745492
0.1863153
0.1994974
0.2150604
0.2297097
0.2450031
0.2625403
0.2810802
0.3006874
0.3214181
0.3434637
0.3666249
0.3911937
0.4161495
0.4425404
0.4694316
0.4970842
0.5257253
0.5543751
0.5836810
0.6131557
0.6430111
0.6738179
0.7051170
0.7368934
0.7690319
0.7928289
0.8140000
0.8334207
0.8516471
0.8692887
0.8866415
0.9212313
0.9452330
0.9612583
0.9833875
1.0015680
1.0133540
1.0285630
1.0378500
1.0386580
1.0399750
1.0366260
1.0262650
1.0189530
1.0076340
0.9900753
0.9743251
0.9553756
0.9308955
0.9082004
0.8825670
0.8567137
0.8297771
0.7982797
0.7661623
0.7334613
0.7004476
0.6673424
0.6339727
0.6008799
0.5661792
0.5320063
0.4982235
0.4650241
0.4324632
0.4010382
0.3704277
0.3408591
0.3115712
0.2833084
0.2563770
0.2303018
0.2050689
0.1834593
0.1632727
0.1445029
0.1270902
0.1101078
0.0943577
0.0799245
0.0668357
0.0553532
0.0451681
0.0360785
0.0281837
0.0215910
0.0160129
0.0115744
0.0072366
0.0035616
0.0012382
0.0001191
0.0001484
0.0012295
0.0032415
0.0061584
0.0096996
0.0143576
0.0194049
0.0247446
0.0311797
0.0377291
0.0439983
0.0515029
0.0588652
0.0654986
0.0733865
0.0804452
0.0867148
0.0939971
0.1004461
0.1046532
0.1100582
0.1147577
0.1179071
0.1218897
0.1241984
0.1243432
0.1264899
0.1279801
0.1269756
0.1266841
0.1255880
0.1222057
0.1194909
0.1162942
0.1105746
0.1056106
0.1010992
0.0944487
0.0888534
0.0825008
0.0758638
0.0691886
0.0624793
0.0557954
0.0491318
0.0425815
0.0362914
0.0302659
0.0245422
0.0195093
0.0147702
0.0105795
0.0071000
0.0042319
0.0021472
0.0007700
0.0000732
0.0001314
0.0009582
0.0026099
0.0051580
0.0085456
0.0130039
0.0185058
0.0249285
0.0326211
0.0417080
0.0518601
0.0634467
0.0767142
0.0911821
0.1061505
0.1220942
0.1390922
0.1569048
0.1767307
0.1977714
0.2198547
0.2428914
0.2668076
0.2864750
0.3049237
0.3214643
0.3376815
0.3545257
0.3713968
0.4001108
0.4244347
0.4420047
0.4621918
0.4796679
0.4930115
0.5102556
0.5255772
0.5349793
0.5460967
0.5509689
0.5503816
0.5525099
0.5511510
0.5442828
0.5422709
0.5389594
0.5324465
0.5273797
0.5203464
0.5095538
0.4967365
0.4837218
0.4706926
0.4557436
0.4403921
0.4252331
0.4100957
0.3952147
0.3810473
0.3675347
0.3544624
0.3420556
0.3302323
0.3189252
0.3082536
0.2983906
0.2895532
0.2815148
0.2740477
0.2671452
0.2603451
0.2539907
0.2486382
0.2444911
0.2404570
0.2344178
0.2264110
0.2211932
0.2151361
0.2111412
0.2097366
0.2059878
0.2032687
0.2024701
0.2006418
0.2008382
0.2022247
0.2022597
0.2041437
0.2070060
0.2091480
0.2122964
0.2161653
0.2201696
0.2249911
0.2298740
0.2354329
0.2411540
0.2474183
0.2541755
0.2612477
0.2689673
0.2777074
0.2860450
0.2955326
0.3062737
0.3166254
0.3290071
0.3388072
0.3484369
0.3600344
0.3727918
0.3851790
0.3983037
0.4118911
0.4263488
0.4415688
0.4578852
0.4737054
0.4923407
0.5096586
0.5308552
0.5500666
0.5715867
0.5929599
0.6149748
0.6383220
0.6620180
0.6864845
0.7117397
0.7381145
0.7650353
0.7931662
0.8222306
0.8497511
0.8763636
0.9018193
0.9269837
0.9519327
0.9793862
1.0069260
1.0345070
1.0622440
1.0806430
1.0960300
1.1093860
1.1214920
1.1333730
1.1451390
1.1714430
1.1929430
1.2061620
1.2197190
1.2283130
1.2295550
1.2341090
1.2335040
1.2248240
1.2190500
1.2100390
1.1955410
1.1829260
1.1658690
1.1365570
1.1086860
1.0794760
1.0461750
1.0149980
0.9816051
0.9411898
0.9011176
0.8638907
0.8225908
0.7820894
0.7414744
0.7007763
0.6608440
0.6202596
0.5806584
0.5415387
0.5029142
0.4656973
0.4289779
0.3938516
0.3600433
0.3276321
0.2970459
0.2683810
0.2413708
0.2159970
0.1918575
0.1692559
0.1482555
0.1286908
0.1118116
0.0966223
0.0829146
0.0705578
0.0594141
0.0490166
0.0398479
0.0318814
0.0246757
0.0172104
0.0114643
0.0069747
0.0036276
0.0016406
0.0005646
0.0000180
0.0001663
0.0006928
0.0018369
0.0032676
0.0045286
0.0060511
0.0077836
0.0090225
0.0108083
0.0122866
0.0128950
0.0139672
0.0147625
0.0149987
0.0156439
0.0161015
0.0150693
0.0145534
0.0139350
0.0126149
0.0118030
0.0105982
0.0092516
0.0079480
0.0066465
0.0053665
0.0041509
0.0030465
0.0020472
0.0012293
0.0006038
0.0001847
0.0000046
0.0000943
0.0004786
0.0011834
0.0022124
0.0035369
0.0052393
0.0073038
0.0096846
0.0124710
0.0155006
0.0192001
0.0233575
0.0277805
0.0328862
0.0381191
0.0441639
0.0503172
0.0578794
0.0649986
0.0738615
0.0824410
0.0917168
0.1014134
0.1115729
0.1223345
0.1331976
0.1458666
0.1587315
0.1726313
0.1872635
0.2011466
0.2160914
0.2316058
0.2475585
0.2644248
0.2825478
0.3009554
0.3205776
0.3415293
0.3631684
0.3861227
0.4112820
0.4363787
0.4625668
0.4904415
0.5185961
0.5483888
0.5791963
0.6108705
0.6435737
0.6776105
0.7129763
0.7494220
0.7871662
0.8261139
0.8666347
0.9075387
0.9505475
0.9943160
1.0390990
1.0854680
1.1321340
1.1802160
1.2292990
1.2790010
1.3299190
1.3819530
1.4342580
1.4883540
1.5436690
1.6009350
1.6578020
1.7169920
1.7784890
1.8400040
1.9036030
1.9696060
2.0357180
2.1049870
2.1764170
2.2482230
2.3232060
2.4008930
2.4795930
2.5610210
2.6456950
2.7207680
2.7950320
2.8756900
2.9590100
3.0435750
3.1355730
3.2303350
3.3267560
3.4250390
3.5086760
3.5886990
3.6670980
3.7437130
3.8290810
3.9172150
4.0094740
4.1060970
4.1845920
4.2570460
4.3524170
4.4141980
4.4957080
4.5571120
4.6167490
4.6494890
4.6918850
4.7197460
4.7362470
4.7571940
4.7661440
4.7804910
4.7864200
4.7695480
4.7568260
4.7309400
4.6844210
4.6476240
4.6038480
4.5558600
4.5149650
4.4784850
4.4427940
4.4069600
4.3695680
4.3310690
4.2913340
4.2507400
4.2086010
4.1652850
4.1174530
4.0661390
4.0049760
3.9347990
3.8517340
3.7647580
3.6764920
3.5889140
3.5102530
3.4267600
3.3409250
3.2563650
3.1728890
3.0930560
3.0152980
2.9392840
2.8648180
2.7887590
2.7207530
2.6570110
2.5938060
2.5359450
2.4809180
2.4295070
2.3816110
2.3337760
2.2795720
2.2169710
2.1631510
2.1129980
2.0599270
2.0155560
1.9764240
1.9337150
1.8934640
1.8634420
1.8288920
1.7971610
1.7754420
1.7502240
1.7283430
1.7151920
1.6985610
1.6860960
1.6826690
1.6758680
1.6718820
1.6767890
1.6754740
1.6809560
1.6920810
1.7001490
1.7109830
1.7269640
1.7410520
1.7594160
1.7781940
1.7970270
1.8184220
1.8398980
1.8625170
1.8866220
1.9084580
1.9313040
1.9549950
1.9798790
2.0052080
2.0310360
2.0574660
2.0849460
2.1132980
2.1422380
2.1710750
2.2010090
2.2303400
2.2597620
2.2887110
2.3181540
2.3483040
2.3795880
2.4103440
2.4418260
2.4719680
2.5009030
2.5298450
2.5587910
2.5862140
2.6140010
2.6412220
2.6664830
2.6892550
2.7073860
2.7235110
2.7382270
2.7511840
2.7626520
2.7733570
2.7836840
2.7911470
2.7948250
2.7852110
2.8053610
2.8127950
2.8071780
2.8113190
2.8099590
2.7987310
2.7883750
2.7735820
2.7421510
2.7143560
2.6842060
2.6474420
2.6165170
2.5765820
2.5344720
2.4911930
2.4431590
2.3928230
2.3418630
2.2886360
2.2365300
2.1826220
2.1290720
2.0760870
2.0231510
1.9693260
1.9165530
1.8637580
1.8110210
1.7596190
1.7079890
1.6569920
1.6074540
1.5582480
1.5094330
1.4618840
1.4146150
1.3686770
1.3227570
1.2777720
1.2336040
1.1899520
1.1485050
1.1062210
1.0645110
1.0243200
0.9831291
0.9425769
0.9027235
0.8633221
0.8249805
0.7891665
0.7542334
0.7203501
0.6873336
0.6555569
0.6250650
0.5950912
0.5666174
0.5388936
0.5111852
0.4846328
0.4588125
0.4336290
0.4095920
0.3880946
0.3678132
0.3480970
0.3291762
0.3106338
0.2926765
0.2750581
0.2579500
0.2453538
0.2256588
0.2095393
0.1972244
0.1845529
0.1737394
0.1654792
0.1569504
0.1499685
0.1459914
0.1418276
0.1392605
0.1391600
0.1369691
0.1357561
0.1364946
0.1378374
0.1409098
0.1451901
0.1487891
0.1538899
0.1598364
0.1664737
0.1739939
0.1819977
0.1905377
0.2000040
0.2109144
0.2226216
0.2361309
0.2497275
0.2652797
0.2831507
0.3009740
0.3209302
0.3418264
0.3638154
0.3877894
0.4131867
0.4405799
0.4694121
0.5007122
0.5327280
0.5660393
0.6012026
0.6379419
0.6751288
0.7137403
0.7544223
0.7962091
0.8391222
0.8837376
0.9258381
0.9682088
1.0108530
1.0537760
1.0967870
1.1429400
1.1901920
1.2379370
1.2857090
1.3335250
1.3816110
1.4299510
1.4791070
1.5291380
1.5798330
1.6300140
1.6796670
1.7295180
1.7725490
1.8158460
1.8600320
1.9221410
1.9696490
2.0129020
2.0612670
2.1072800
2.1410130
2.1787610
2.2130060
2.2357840
2.2635250
2.2890710
2.3027390
2.3205390
2.3354610
2.3387270
2.3459940
2.3500540
2.3436580
2.3393980
2.3304820
2.3133680
2.2965200
2.2761400
2.2484890
2.2254460
2.1950290
2.1594690
2.1276180
2.0919430
2.0530490
2.0128930
1.9704270
1.9284420
1.8823630
1.8361160
1.7900640
1.7452750
1.7010280
1.6581120
1.6166640
1.5768900
1.5364290
1.4977070
1.4595490
1.4226570
1.3877630
1.3539680
1.3213770
1.2901380
1.2602340
1.2370130
1.2145970
1.1934050
1.1741560
1.1554310
1.1296540
1.0961270
1.0791660
1.0538860
1.0359720
1.0209500
1.0040880
0.9896031
0.9811629
0.9702597
0.9633053
0.9607062
0.9542890
0.9515719
0.9524648
0.9509398
0.9533209
0.9574389
0.9639041
0.9686829
0.9770317
0.9856434
0.9945781
1.0055210
1.0167930
1.0286110
1.0413730
1.0547030
1.0685710
1.0829460
1.0993150
1.1151280
1.1304400
1.1479810
1.1649580
1.1840490
1.2059100
1.2262410
1.2497010
1.2742030
1.2993980
1.3263970
1.3556280
1.3843690
1.4156130
1.4502090
1.4834590
1.5197160
1.5582430
1.5966020
1.6375250
1.6803750
1.7237270
1.7686710
1.8152460
1.8637270
1.9133760
1.9640510
2.0148780
2.0649030
2.1160410
2.1677240
2.2196000
2.2715470
2.3235710
2.3757980
2.4275110
2.4814900
2.5359140
2.5902490
2.6455040
2.7008400
2.7563990
2.8097460
2.8622420
2.9144500
2.9661740
3.0208380
3.0761670
3.1305860
3.1855110
3.2335730
3.2793060
3.3245200
3.3658610
3.4041800
3.4407010
3.4779110
3.5201150
3.5585760
3.5928760
3.6172110
3.6370820
3.6551080
3.6625540
3.6714280
3.6833110
3.6756660
3.6903030
3.6888780
3.6634930
3.6330430
3.6005090
3.5663220
3.5350860
3.5005670
3.4590480
3.4247310
3.3910000
3.3561030
3.3202510
3.2826980
3.2386340
3.1906810
3.1436250
3.1076700
3.0391710
2.9687450
2.8971590
2.8254240
2.7561700
2.6933140
2.6336320
2.5767220
2.5226200
2.4711950
2.4209780
2.3733990
2.3295430
2.2883190
2.2266110
2.1759670
2.1343520
2.0900170
2.0493680
2.0181940
1.9841050
1.9574320
1.9373850
1.9160490
1.8977100
1.8878360
1.8750150
1.8676240
1.8642040
1.8603020
1.8659760
1.8765010
1.8775000
1.8855100
1.8954490
1.9060560
1.9173530
1.9291220
1.9418710
1.9542520
1.9673820
1.9755810
1.9814840
1.9853820
1.9869680
1.9837970
1.9776470
1.9684210
1.9566050
1.9369290
1.9158110
1.9167530
1.8995570
1.8862370
1.8669340
1.8383440
1.8120620
1.7764580
1.7420090
1.7014000
1.6514320
1.6031320
1.5472660
1.4965060
1.4454460
1.3904280
1.3365340
1.2815480
1.2285820
1.1775250
1.1276920
1.0787060
1.0313000
0.9850807
0.9398025
0.8955035
0.8503192
0.8049485
0.7593107
0.7089223
0.6567156
0.6048792
0.5550815
0.5076335
0.4616909
0.4187662
0.3793149
0.3447786
0.3115283
0.2799159
0.2482074
0.2165510
0.1872382
0.1603684
0.1377186
0.1169833
0.1009789
0.0851515
0.0718254
0.0591164
0.0476922
0.0391247
0.0306439
0.0258418
0.0207025
0.0166973
0.0128658
0.0098304
0.0080360
0.0061180
0.0048258
0.0041327
0.0031984
0.0026303
0.0024560
0.0021576
0.0020839
0.0023398
0.0024883
0.0028842
0.0034831
0.0040195
0.0047599
0.0057548
0.0070344
0.0089662
0.0116759
0.0151078
0.0187492
0.0231041
0.0283845
0.0343114
0.0410791
0.0484949
0.0568643
0.0659775
0.0759577
0.0866791
0.0986231
0.1111630
0.1248338
0.1390548
0.1526055
0.1663272
0.1803109
0.1944574
0.2087031
0.2241698
0.2400407
0.2560599
0.2725064
0.2858751
0.2973471
0.3065297
0.3227302
0.3361390
0.3524544
0.3666412
0.3770420
0.3911708
0.4030891
0.4078738
0.4155199
0.4213579
0.4226759
0.4246159
0.4245307
0.4211340
0.4205743
0.4168862
0.4094699
0.4035789
0.3955012
0.3870494
0.3786889
0.3692086
0.3596442
0.3500260
0.3401871
0.3301882
0.3200218
0.3099183
0.2999998
0.2901497
0.2805801
0.2705641
0.2609922
0.2513564
0.2421566
0.2328356
0.2240860
0.2159068
0.2077393
0.2002133
0.1924657
0.1854290
0.1782318
0.1714801
0.1661224
0.1612750
0.1565780
0.1523365
0.1485195
0.1444054
0.1404137
0.1369260
0.1332133
0.1305170
0.1280499
0.1230181
0.1183985
0.1142325
0.1112757
0.1093116
0.1066586
0.1050713
0.1052815
0.1046937
0.1048899
0.1068278
0.1075775
0.1096974
0.1129812
0.1154465
0.1188741
0.1233965
0.1274632
0.1323482
0.1372064
0.1422079
0.1473652
0.1527492
0.1580589
0.1636502
0.1690374
0.1745485
0.1799628
0.1852580
0.1906470
0.1960758
0.2014447
0.2067101
0.2115067
0.2161373
0.2205748
0.2246682
0.2269664
0.2284707
0.2293167
0.2300206
0.2304550
0.2305176
0.2293573
0.2276868
0.2333454
0.2350780
0.2356640
0.2369450
0.2363982
0.2346598
0.2336149
0.2302255
0.2254657
0.2215673
0.2190344
0.2121179
0.2072549
0.2019240
0.1951905
0.1896970
0.1837657
0.1775806
0.1715554
0.1655127
0.1594741
0.1534965
0.1476994
0.1417697
0.1359786
0.1303235
0.1246353
0.1191786
0.1138142
0.1089236
0.1046332
0.1005646
0.0964717
0.0926989
0.0889253
0.0854175
0.0816112
0.0778783
0.0742571
0.0707809
0.0671732
0.0639772
0.0606668
0.0575685
0.0544419
0.0514010
0.0482866
0.0452050
0.0422349
0.0392617
0.0364721
0.0337055
0.0309568
0.0284413
0.0262354
0.0241646
0.0224191
0.0211062
0.0193900
0.0177992
0.0162986
0.0148109
0.0135049
0.0122783
0.0111421
0.0100784
0.0090593
0.0081110
0.0071850
0.0063296
0.0055209
0.0047562
0.0040156
0.0033448
0.0027447
0.0021854
0.0016686
0.0012108
0.0008225
0.0005338
0.0003072
0.0001413
0.0000412
0.0000044
0.0000071
0.0000504
0.0001339
0.0002273
0.0003916
0.0005620
0.0007943
0.0010696
0.0013824
0.0017192
0.0020965
0.0025157
0.0029615
0.0034282
0.0040025
0.0046419
0.0052094
0.0059090
0.0066527
0.0074404
0.0082952
0.0092218
0.0101546
0.0111954
0.0122488
0.0132741
0.0139053
0.0146249
0.0153413
0.0161066
0.0169149
0.0177180
0.0185993
0.0194726
0.0203905
0.0213660
0.0223410
0.0233091
0.0243452
0.0253703
0.0264012
0.0274747
0.0285432
0.0296132
0.0306961
0.0316287
0.0325610
0.0334755
0.0343041
0.0352822
0.0362413
0.0371235
0.0374070
0.0375176
0.0376100
0.0376174
0.0375767
0.0374253
0.0379731
0.0383792
0.0389603
0.0398039
0.0405529
0.0415456
0.0425699
0.0428654
0.0438140
0.0445071
0.0454369
0.0466643
0.0477495
0.0492228
0.0510370
0.0526998
0.0546788
0.0571125
0.0595434
0.0621823
0.0647567
0.0670669
0.0699560
0.0734373
0.0768236
0.0807024
0.0853275
0.0894752
0.0943122
0.0997697
0.1050837
0.1105356
0.1163662
0.1220998
0.1281147
0.1353378
0.1426294
0.1507413
0.1590009
0.1680595
0.1781805
0.1883488
0.1995482
0.2119302
0.2243957
0.2365119
0.2484946
0.2606861
0.2733579
0.2862813
0.2996168
0.3132662
0.3273415
0.3414232
0.3550628
0.3685062
0.3817165
0.3947527
0.4074584
0.4203535
0.4331118
0.4455883
0.4576597
0.4728674
0.4887760
0.5052039
0.5215461
0.5348399
0.5475921
0.5600830
0.5733620
0.5850635
0.6005207
0.6160597
0.6320113
0.6486075
0.6587442
0.6677930
0.6766819
0.6852804
0.6938210
0.7010913
0.7150776
0.7180177
0.7230228
0.7304901
0.7307050
0.7361621
0.7404111
0.7408204
0.7387362
0.7309812
0.7191817
0.7098733
0.6989813
0.6843818
0.6695250
0.6525686
0.6281539
0.6064588
0.5842888
0.5600085
0.5362306
0.5117211
0.4869455
0.4625534
0.4381390
0.4139602
0.3900867
0.3666265
0.3437738
0.3218864
0.3005897
0.2801741
0.2608991
0.2441739
0.2289169
0.2147876
0.2018300
0.1899168
0.1771737
0.1649350
0.1534533
0.1418605
0.1298158
0.1187774
0.1084078
0.0996305
0.0861677
0.0776627
0.0703340
0.0625316
0.0556381
0.0504390
0.0447863
0.0404951
0.0369288
0.0329837
0.0297703
0.0270295
0.0245005
0.0222849
0.0203139
0.0186185
0.0171319
0.0158496
0.0146950
0.0136137
0.0126935
0.0118384
0.0105577
0.0094651
0.0084791
0.0076135
0.0069137
0.0061451
0.0055395
0.0050275
0.0045086
0.0040846
0.0036981
0.0033142
0.0030059
0.0027047
0.0024352
0.0021918
0.0019580
0.0017595
0.0015763
0.0014038
0.0012467
0.0011039
0.0009683
0.0008435
0.0007223
0.0006003
0.0004014
0.0002419
0.0001199
0.0000425
0.0000045
0.0000042
0.0000364
0.0001043
0.0001981
0.0003128
0.0004540
0.0006141
0.0007713
0.0009585
0.0011481
0.0013170
0.0015205
0.0017028
0.0019014
0.0020922
0.0023059
0.0025140
0.0027406
0.0029753
0.0032128
0.0035255
0.0040642
0.0046176
0.0052457
0.0058963
0.0065961
0.0072047
0.0078871
0.0087429
0.0093183
0.0101197
0.0107523
0.0114915
0.0121299
0.0126966
0.0133795
0.0139226
0.0143437
0.0148652
0.0152648
0.0155977
0.0159801
0.0162356
0.0164486
0.0167000
0.0168825
0.0172292
0.0177965
0.0183623
0.0188520
0.0193461
0.0198185
0.0202321
0.0206283
0.0210283
0.0213367
0.0217076
0.0219876
0.0222128
0.0224005
0.0225912
0.0227783
0.0227555
0.0229042
0.0229108
0.0228011
0.0227989
0.0226960
0.0225115
0.0224027
0.0222128
0.0220324
0.0223150
0.0227104
0.0230613
0.0235216
0.0239654
0.0244625
0.0249797
0.0254219
0.0259293
0.0263706
0.0267980
0.0272039
0.0275269
0.0281164
0.0284654
0.0289301
0.0294034
0.0298286
0.0303305
0.0308341
0.0313518
0.0319419
0.0325495
0.0331978
0.0339081
0.0348099
0.0362375
0.0377653
0.0393463
0.0404065
0.0418652
0.0429614
0.0442409
0.0453442
0.0456324
0.0464524
0.0467411
0.0463377
0.0469242
0.0467972
0.0460943
0.0457228
0.0452281
0.0444421
0.0438971
0.0430774
0.0420693
0.0410621
0.0398842
0.0386698
0.0373738
0.0365515
0.0357523
0.0348878
0.0340566
0.0329967
0.0319953
0.0309179
0.0297602
0.0285137
0.0273681
0.0261448
0.0248717
0.0236493
0.0224168
0.0211020
0.0197694
0.0185173
0.0172276
0.0159393
0.0147011
0.0134511
0.0122085
0.0110159
0.0098439
0.0086246
0.0076421
0.0067977
0.0059091
0.0051384
0.0043715
0.0036074
0.0029476
0.0023136
0.0017135
0.0012258
0.0007809
0.0004098
0.0001665
0.0000267
0.0000127
0.0001349
0.0004178
0.0008780
0.0014976
0.0023327
0.0034020
0.0046521
0.0061691
0.0080105
0.0100236
0.0123516
0.0145736
0.0170709
0.0194496
0.0218843
0.0243598
0.0268765
0.0293659
0.0321275
0.0349576
0.0377865
0.0405830
0.0432960
0.0461741
0.0490843
0.0519562
0.0547994
0.0577095
0.0611875
0.0649408
0.0682090
0.0713220
0.0742985
0.0772805
0.0801598
0.0831417
0.0869083
0.0911286
0.0951237
0.0990011
0.1011383
0.1027814
0.1049991
0.1070622
0.1105544
0.1102455
0.1120896
0.1119646
0.1124963
0.1122720
0.1110827
0.1103773
0.1087192
0.1066287
0.1048189
0.1023168
0.0991260
0.0964780
0.0933495
0.0900272
0.0865143
0.0826044
0.0777142
0.0727839
0.0678553
0.0630542
0.0583441
0.0536909
0.0492008
0.0447435
0.0405000
0.0362669
0.0321659
0.0281622
0.0245273
0.0210725
0.0178892
0.0149192
0.0121923
0.0097796
0.0076088
0.0057471
0.0041564
0.0028185
0.0016723
0.0008728
0.0003104
0.0000138
0.0001030
0.0005679
0.0014199
0.0026646
0.0042686
0.0063157
0.0087489
0.0115037
0.0147197
0.0183442
0.0221945
0.0264078
0.0308570
0.0356483
0.0408149
0.0461896
0.0518610
0.0578005
0.0639696
0.0703048
0.0768320
0.0835858
0.0905328
0.0975518
0.1048541
0.1131727
0.1215973
0.1302194
0.1371822
0.1447036
0.1528861
0.1603527
0.1652085
0.1689686
0.1814086
0.1879747
0.1931102
0.2002842
0.2067494
0.2081032
0.2112456
0.2141122
0.2148947
0.2160907
0.2142862
0.2117251
0.2101872
0.2070435
0.2028882
0.1982636
0.1939073
0.1896852
0.1848409
0.1795192
0.1737921
0.1676794
0.1613269
0.1546301
0.1479750
0.1409911
0.1342185
0.1274747
0.1208142
0.1142083
0.1078643
0.1015846
0.0955290
0.0896595
0.0839817
0.0781627
0.0725865
0.0671466
0.0617001
0.0568194
0.0519944
0.0473793
0.0435096
0.0401601
0.0370190
0.0340555
0.0312822
0.0287574
0.0262778
0.0239654
0.0217793
0.0197722
0.0177914
0.0159016
0.0141146
0.0124371
0.0110102
0.0097101
0.0085271
0.0074512
0.0064709
0.0055023
0.0046207
0.0038166
0.0030803
0.0023059
0.0016380
0.0010851
0.0007200
0.0004221
0.0002086
0.0000704
0.0000050
0.0000187
0.0001240
0.0003474
0.0006933
0.0011836
0.0018434
0.0025499
0.0033787
0.0043167
0.0053959
0.0065139
0.0077040
0.0089684
0.0102914
0.0118145
0.0135166
0.0153011
0.0170164
0.0186976
0.0203155
0.0222615
0.0235622
0.0254439
0.0272069
0.0291173
0.0313594
0.0335247
0.0360005
0.0387393
0.0414230
0.0444101
0.0473608
0.0507228
0.0547011
0.0592901
0.0638730
0.0685915
0.0736530
0.0791068
0.0848607
0.0906294
0.0964341
0.1036328
0.1107608
0.1190734
0.1266827
0.1331219
0.1399035
0.1469983
0.1543703
0.1620775
0.1701679
0.1785178
0.1870677
0.1949866
0.2027295
0.2103855
0.2178343
0.2251106
0.2330564
0.2410200
0.2489217
0.2567033
0.2655077
0.2747205
0.2839641
0.2934930
0.3028248
0.3114014
0.3198843
0.3284006
0.3350383
0.3415921
0.3465742
0.3513141
0.3544366
0.3563744
0.3582422
0.3594479
0.3604209
0.3703329
0.3748386
0.3786786
0.3836240
0.3871214
0.3901631
0.3923579
0.3940059
0.3951122
0.3953452
0.3957365
0.3954285
0.3950289
0.3943261
0.3933787
0.3915745
0.3886713
0.3845589
0.3797784
0.3748701
0.3699209
0.3647085
0.3588586
0.3534184
0.3475822
0.3409278
0.3349741
0.3285826
0.3226740
0.3168224
0.3110245
0.3054121
0.2993070
0.2937371
0.2883511
0.2828143
0.2775332
0.2723675
0.2672471
0.2619242
0.2569034
0.2518603
0.2459631
0.2403792
0.2349204
0.2298197
0.2247778
0.2199603
0.2153198
0.2107206
0.2064021
0.2023517
0.1985094
0.1949180
0.1915295
0.1882746
0.1852613
0.1824359
0.1798378
0.1774195
0.1756392
0.1740825
0.1718027
0.1694368
0.1680576
0.1674472
0.1672440
0.1665464
0.1662925
0.1659388
0.1606685
0.1587812
0.1569073
0.1551863
0.1540658
0.1533851
0.1531415
0.1532376
0.1539672
0.1554315
0.1564124
0.1581857
0.1601197
0.1621138
0.1645762
0.1670525
0.1701121
0.1734063
0.1769939
0.1814125
0.1856667
0.1903560
0.1955231
0.1999339
0.2049520
0.2113453
0.2171393
0.2240105
0.2320604
0.2390365
0.2474121
0.2563713
0.2651720
0.2747046
0.2846008
0.2948765
0.3054067
0.3163921
0.3279278
0.3396762
0.3519974
0.3646865
0.3767620
0.3891126
0.4013509
0.4135296
0.4254983
0.4375689
0.4482735
0.4587709
0.4688846
0.4793622
0.4897835
0.5002282
0.5104316
0.5206477
0.5315976
0.5424730
0.5537421
0.5648406
0.5761519
0.5874754
0.5990101
0.6107432
0.6184088
0.6263128
0.6347625
0.6422794
0.6477432
0.6538343
0.6592451
0.6644778
0.6755122
0.6813163
0.6855015
0.6917552
0.6956588
0.6962821
0.6964873
0.6952525
0.6898037
0.6853978
0.6795822
0.6676236
0.6572675
0.6459029
0.6311008
0.6195785
0.6035463
0.5847006
0.5680096
0.5510123
0.5331917
0.5148647
0.4964232
0.4777181
0.4592087
0.4404889
0.4213335
0.4017985
0.3822681
0.3632997
0.3446670
0.3268084
0.3092881
0.2929157
0.2771839
0.2623924
0.2483138
0.2346799
0.2217235
0.2093047
0.1977348
0.1866560
0.1773985
0.1689844
0.1613169
0.1541186
0.1467092
0.1386518
0.1313141
0.1256586
0.1194852
0.1102929
0.1032397
0.0966646
0.0901920
0.0844809
0.0796153
0.0751978
0.0713334
0.0685010
0.0650030
0.0626079
0.0608344
0.0586674
0.0569212
0.0555496
0.0543094
0.0533093
0.0523479
0.0516178
0.0510312
0.0505603
0.0502280
0.0499536
0.0498428
0.0498437
0.0498977
0.0499608
0.0496576
0.0494393
0.0492207
0.0491385
0.0489482
0.0488394
0.0487039
0.0486213
0.0484328
0.0484320
0.0484046
0.0484328
0.0484862
0.0486229
0.0486497
0.0487039
0.0488402
0.0489474
0.0491116
0.0491393
0.0492207
0.0492476
0.0493300
0.0493569
Standard deviation: 0.8785638
